1 -0.077834160000000263 0.0040000000000000122 -0.17832060000000008 5.5495345766302431e-17 -0.90630777469782231 -0.42261828820139963 -1 -1.1298815334806543e-16 1.1099069153260486e-16 -1.483425866100842e-16 0.42261828820139963 -0.90630777469782231 0 0 0 0 -0 0 
2 -0.077834160000000235 0.0040000000000000131 -0.17832060000000008 2.567360975395647e-16 -0.90630777469782242 -0.42261828820139952 -1 -2.3152113149170122e-16 -1.1099069153260487e-16 2.7466623816136518e-18 0.42261828820139952 -0.90630777469782242 -0 -0 -0 -0 0 0 
3 -0.16235781764028018 0.0039999999999999758 -0.35958215493956458 -7.4946766132674656e-16 -0.90630777469782231 0.42261828820139974 1 -7.7465332029891712e-16 1.1214217597173687e-16 2.2574733421954254e-16 0.42261828820139974 0.90630777469782231 -0 0 -0 0 0 0 
4 -0.37742603720901841 0.0051113412974165134 -0.34756442420312206 0.99999897200246046 -2.0399977604434915e-06 -0.0014338723306963222 2.0873828500644998e-06 0.99999999945182083 3.3045441982863496e-05 0.0014338722624976756 -3.3048401052742725e-05 0.99999897145854011 0 -0 0 0 0 0 
5 -0.3353657947202684 0.0041460926166068035 -1.043191529529891 -0.022940796770444558 0.99791341064080485 -0.060353497883498211 -0.99973682529129482 -0.022898946564639016 0.0013850641548221979 1.4257167166406744e-07 0.060369388844563179 0.99817610514904309 0 0 0 0 0 0 
6 -0.32908842760633461 0.078999868057739175 -1.1681094160873 0.9999982745309729 -0.0014355529013868479 0.0011790347511287051 0.0011811265855497886 0.0014571881086361256 -0.999998240769855 0.0014338323004998955 0.99999790789315335 0.0014588811639999683 0 0 0 0 0 0 
7 -0.25400005212973947 0.0040884277004365572 -1.1680000000000001 6.123233995736766e-17 0 -1 -0.99999999939666639 3.473711597030993e-05 -6.1232339920424133e-17 3.473711597030993e-05 0.99999999939666639 2.127034894232523e-21 0 0 0 0 -0 0 
8 -0.32900000000000001 0.003999999999999994 -1.2730000000000001 1 0 0 0 1 0 0 0 1 0 0 0 0 0 0 
9 -0.32900000000000001 0.0040000000000000001 -1.4730000000000001 1 0 0 0 1 -3.552713678800501e-17 0 3.552713678800501e-17 1 0 0 -0 0 0 0 
10 -0.32900000000000001 0.0040000000000000001 -1.4730000000000001 1 0 0 0 1 -3.552713678800501e-17 0 3.552713678800501e-17 1 0 0 0 0 0 0 
1 -0.077834160000000263 0.0040000000000000122 -0.17832060000000008 5.5495345766302431e-17 -0.90630777469782231 -0.42261828820139963 -1 -1.1298815334806543e-16 1.1099069153260486e-16 -1.483425866100842e-16 0.42261828820139963 -0.90630777469782231 0 0 0 0 0 0 
2 -0.077834160000000235 0.0040000000000000131 -0.17832060000000008 2.567360975395647e-16 -0.90630777469782242 -0.42261828820139952 -1 -2.3152113149170122e-16 -1.1099069153260487e-16 2.7466623816136518e-18 0.42261828820139952 -0.90630777469782242 0 5.4269096583144982e-18 2.1707638633257993e-17 0 0 0 
3 -0.16235781764028012 0.003999999999999948 -0.35958215493956452 -5.4822690955348432e-16 -0.90630777469782242 0.42261828820139952 1 -6.2089348059345975e-16 -3.4294964444730175e-17 2.9348273283306116e-16 0.42261828820139952 0.90630777469782242 -8.0061958827225919e-16 5.348175775614372e-16 -2.5453344031848349e-15 -2.7506570050222784e-15 5.5568778036684218e-15 2.8062205111427719e-15 
4 -0.37742603720901829 0.0051113412974165134 -0.347564424203122 0.99999897200246046 -2.0399977604435034e-06 -0.0014338723306961748 2.0873828500644884e-06 0.99999999945182083 3.3045441982850485e-05 0.0014338722624975282 -3.3048401052729715e-05 0.99999897145854011 -3.063077532199667e-15 2.4986365960855492e-17 -2.0991740018381463e-15 -4.3362152249397612e-16 -4.9310641165427983e-15 -2.2940447293677101e-19 
5 -0.3353657947202684 0.0041460926166068078 -1.043191529529891 -0.022940796770444558 0.99791341064080485 -0.060353497883498065 -0.99973682529129482 -0.022898946564639016 0.0013850641548221847 1.4257167165430962e-07 0.060369388844563034 0.99817610514904309 9.1225395100984142e-16 -1.574465707487101e-16 3.6475446852707909e-16 -4.428020157010456e-16 -4.9276330373336677e-15 7.1623630903011629e-18 
6 -0.32908842760633461 0.078999868057739175 -1.1681094160873 0.9999982745309729 -0.0014355529013867004 0.0011790347511287051 0.0011811265855497884 0.0014571881086361256 -0.999998240769855 0.001433832300499748 0.99999790789315335 0.0014588811639999683 3.7300365128903587e-17 -7.6984069929959853e-17 5.6287745721782342e-16 -3.1733468410066023e-21 -4.923388671618296e-15 1.1593562365135163e-17 
7 -0.25400005212973947 0.0040884277004365616 -1.1680000000000001 6.123233995736766e-17 0 -1 -0.99999999939666639 3.473711597030993e-05 -6.1232339920424133e-17 3.473711597030993e-05 0.99999999939666639 2.127034894232523e-21 6.8521592692410877e-17 2.0545843427094234e-16 1.3543583577659177e-16 -1.8151803663640296e-15 -7.5184617688979112e-16 1.8152064098756365e-15 
8 -0.32900000000000001 0.003999999999999994 -1.2730000000000001 1 0 0 0 1 0 0 0 1 0 -1.0853819316628996e-17 0 0 0 0 
9 -0.32900000000000001 0.0040000000000000001 -1.4730000000000001 1 0 0 0 1 -3.552713678800501e-17 0 3.552713678800501e-17 1 0 0 0 0 0 0 
10 -0.32900000000000001 0.0040000000000000001 -1.4730000000000001 1 0 0 0 1 -3.552713678800501e-17 0 3.552713678800501e-17 1 0 0 0 0 0 0 
1 -0.077834160000000263 0.0040000000000000122 -0.17832060000000008 5.5495345766302431e-17 -0.90630777469782231 -0.42261828820139963 -1 -1.1298815334806543e-16 1.1099069153260486e-16 -1.483425866100842e-16 0.42261828820139963 -0.90630777469782231 0 0 0 0 0 0 
2 -0.077834160000000235 0.0040000000000000131 -0.17832060000000008 2.567360975395647e-16 -0.90630777469782242 -0.42261828820139952 -1 -2.3152113149170122e-16 -1.1099069153260487e-16 2.7466623816136518e-18 0.42261828820139952 -0.90630777469782242 0 5.4269096583144982e-18 2.1707638633257993e-17 0 0 0 
3 -0.16235781764028018 0.0039999999999999758 -0.35958215493956458 -7.4946766132674656e-16 -0.90630777469782231 0.42261828820139974 1 -7.7465332029891712e-16 1.1214217597173687e-16 2.2574733421954254e-16 0.42261828820139974 0.90630777469782231 -8.0061958827225919e-16 5.34817577561437e-16 -2.5453344031848341e-15 -2.7506570050222784e-15 5.556877803668421e-15 2.8062205111427719e-15 
4 -0.37742603720901841 0.0051113412974165134 -0.347564424203122 0.99999897200246046 -2.0399977604434995e-06 -0.001433872330696224 2.0873828500644922e-06 0.99999999945182083 3.304544198285493e-05 0.0014338722624975774 -3.304840105273416e-05 0.99999897145854011 -3.063077532199667e-15 2.4986365960855495e-17 -2.0991740018381463e-15 -4.3362152249397612e-16 -4.9310641165427983e-15 -2.2940447293677082e-19 
5 -0.33536579472026845 0.0041460926166068069 -1.043191529529891 -0.022940796770444558 0.99791341064080485 -0.060353497883498114 -0.99973682529129482 -0.022898946564639016 0.001385064154822189 1.4257167165734538e-07 0.060369388844563082 0.99817610514904309 9.1225395100984142e-16 -1.574465707487101e-16 3.6475446852707924e-16 -4.428020157010456e-16 -4.9276330373336677e-15 7.1623630903011629e-18 
6 -0.32908842760633467 0.078999868057739175 -1.1681094160873 0.9999982745309729 -0.0014355529013867498 0.0011790347511287051 0.0011811265855497884 0.0014571881086361256 -0.999998240769855 0.0014338323004997975 0.99999790789315335 0.0014588811639999683 3.7300365128903587e-17 -7.6984069929959853e-17 5.6287745721782352e-16 -3.1733468410066023e-21 -4.923388671618296e-15 1.1593562365135163e-17 
7 -0.25400005212973947 0.0040884277004365564 -1.1680000000000001 6.123233995736766e-17 0 -1 -0.99999999939666639 3.473711597030993e-05 -6.1232339920424133e-17 3.473711597030993e-05 0.99999999939666639 2.127034894232523e-21 6.852159269241089e-17 2.0545843427094234e-16 1.354358357765918e-16 -1.8151803663640296e-15 -7.5184617688979112e-16 1.8152064098756365e-15 
8 -0.32900000000000001 0.003999999999999994 -1.2730000000000001 1 0 0 0 1 0 0 0 1 0 -1.0853819316628996e-17 0 0 0 0 
9 -0.32900000000000001 0.0040000000000000001 -1.4730000000000001 1 0 0 0 1 -3.552713678800501e-17 0 3.552713678800501e-17 1 0 0 0 0 0 0 
10 -0.32900000000000001 0.0040000000000000001 -1.4730000000000001 1 0 0 0 1 -3.552713678800501e-17 0 3.552713678800501e-17 1 0 0 0 0 0 0 
1 -0.077834160000000263 0.0040000000000000122 -0.17832060000000008 5.5495345766302431e-17 -0.90630777469782231 -0.42261828820139963 -1 -1.1298815334806543e-16 1.1099069153260486e-16 -1.483425866100842e-16 0.42261828820139963 -0.90630777469782231 0 0 0 0 0 0 
2 -0.077834160000000235 0.0040000000000000131 -0.17832060000000008 2.567360975395647e-16 -0.90630777469782242 -0.42261828820139952 -1 -2.3152113149170122e-16 -1.1099069153260487e-16 2.7466623816136518e-18 0.42261828820139952 -0.90630777469782242 0 5.4269096583144982e-18 2.1707638633257993e-17 0 0 0 
3 -0.16235781764028018 0.0039999999999999758 -0.35958215493956458 -7.4946766132674656e-16 -0.90630777469782231 0.42261828820139974 1 -7.7465332029891712e-16 1.1214217597173687e-16 2.2574733421954254e-16 0.42261828820139974 0.90630777469782231 -8.0061958827225919e-16 5.34817577561437e-16 -2.5453344031848341e-15 -2.7506570050222784e-15 5.556877803668421e-15 2.8062205111427719e-15 
4 -0.37742603720901841 0.0051113412974165134 -0.34756442420312206 0.99999897200246046 -2.0399977604434953e-06 -0.0014338723306962732 2.087382850064496e-06 0.99999999945182083 3.3045441982859267e-05 0.0014338722624976266 -3.3048401052738497e-05 0.99999897145854011 -3.063077532199667e-15 2.4986365960855498e-17 -2.0991740018381463e-15 -4.3362152249397612e-16 -4.9310641165427983e-15 -2.2940447293677101e-19 
5 -0.3353657947202684 0.0041460926166068043 -1.043191529529891 -0.022940796770444558 0.99791341064080485 -0.060353497883498163 -0.99973682529129482 -0.022898946564639016 0.0013850641548221936 1.4257167166081483e-07 0.060369388844563131 0.99817610514904309 9.1225395100984142e-16 -1.574465707487101e-16 3.6475446852707939e-16 -4.428020157010456e-16 -4.9276330373336677e-15 7.1623630903011629e-18 
6 -0.32908842760633461 0.078999868057739175 -1.1681094160873 0.9999982745309729 -0.0014355529013867991 0.0011790347511287051 0.0011811265855497884 0.0014571881086361256 -0.999998240769855 0.0014338323004998467 0.99999790789315335 0.0014588811639999683 3.7300365128903587e-17 -7.6984069929959853e-17 5.6287745721782362e-16 -3.1733468410069874e-21 -4.923388671618296e-15 1.1593562365135163e-17 
7 -0.25400005212973947 0.0040884277004365572 -1.1680000000000001 6.123233995736766e-17 0 -1 -0.99999999939666639 3.473711597030993e-05 -6.1232339920424133e-17 3.473711597030993e-05 0.99999999939666639 2.127034894232523e-21 6.852159269241089e-17 2.0545843427094234e-16 1.354358357765918e-16 -1.8151803663640296e-15 -7.5184617688979112e-16 1.8152064098756365e-15 
8 -0.32900000000000001 0.003999999999999994 -1.2730000000000001 1 0 0 0 1 0 0 0 1 0 -1.0853819316628996e-17 0 0 0 0 
9 -0.32900000000000001 0.0040000000000000001 -1.4730000000000001 1 0 0 0 1 -3.552713678800501e-17 0 3.552713678800501e-17 1 0 0 0 0 0 0 
10 -0.32900000000000001 0.0040000000000000001 -1.4730000000000001 1 0 0 0 1 -3.552713678800501e-17 0 3.552713678800501e-17 1 0 0 0 0 0 0 
1 -0.077834160000000263 0.0040000000000000122 -0.17832060000000008 5.5495345766302431e-17 -0.90630777469782231 -0.42261828820139963 -1 -1.1298815334806543e-16 1.1099069153260486e-16 -1.483425866100842e-16 0.42261828820139963 -0.90630777469782231 0 0 0 0 0 0 
2 -0.077834160000000235 0.0040000000000000131 -0.17832060000000008 2.567360975395647e-16 -0.90630777469782242 -0.42261828820139952 -1 -2.3152113149170122e-16 -1.1099069153260487e-16 2.7466623816136518e-18 0.42261828820139952 -0.90630777469782242 0 5.4269096583144982e-18 2.1707638633257993e-17 0 0 0 
3 -0.16235781764028018 0.0039999999999999758 -0.35958215493956458 -7.4946766132674656e-16 -0.90630777469782231 0.42261828820139974 1 -7.7465332029891712e-16 1.1214217597173687e-16 2.2574733421954254e-16 0.42261828820139974 0.90630777469782231 -8.0061958827225919e-16 5.34817577561437e-16 -2.5453344031848341e-15 -2.7506570050222784e-15 5.556877803668421e-15 2.8062205111427719e-15 
4 -0.37742603720901841 0.0051113412974165134 -0.34756442420312206 0.99999897200246046 -2.0399977604434915e-06 -0.0014338723306963226 2.0873828500644998e-06 0.99999999945182083 3.3045441982863496e-05 0.001433872262497676 -3.3048401052742725e-05 0.99999897145854011 -3.063077532199667e-15 2.4986365960855501e-17 -2.0991740018381463e-15 -4.3362152249397612e-16 -4.9310641165427983e-15 -2.2940447293677101e-19 
5 -0.3353657947202684 0.0041460926166068035 -1.043191529529891 -0.022940796770444558 0.99791341064080485 -0.060353497883498211 -0.99973682529129482 -0.022898946564639016 0.0013850641548221979 1.4257167166406744e-07 0.060369388844563179 0.99817610514904309 9.1225395100984142e-16 -1.574465707487101e-16 3.6475446852707954e-16 -4.428020157010456e-16 -4.9276330373336677e-15 7.1623630903011629e-18 
6 -0.32908842760633461 0.078999868057739175 -1.1681094160873 0.9999982745309729 -0.0014355529013868485 0.0011790347511287051 0.0011811265855497886 0.0014571881086361256 -0.999998240769855 0.0014338323004998961 0.99999790789315335 0.0014588811639999683 3.7300365128903587e-17 -7.6984069929959853e-17 5.6287745721782362e-16 -3.1733468410066023e-21 -4.923388671618296e-15 1.1593562365135163e-17 
7 -0.25400005212973947 0.0040884277004365572 -1.1680000000000001 6.123233995736766e-17 0 -1 -0.99999999939666639 3.473711597030993e-05 -6.1232339920424133e-17 3.473711597030993e-05 0.99999999939666639 2.127034894232523e-21 6.852159269241089e-17 2.0545843427094234e-16 1.354358357765918e-16 -1.8151803663640296e-15 -7.5184617688979112e-16 1.8152064098756365e-15 
8 -0.32900000000000001 0.003999999999999994 -1.2730000000000001 1 0 0 0 1 0 0 0 1 0 -1.0853819316628996e-17 0 0 0 0 
9 -0.32900000000000001 0.0040000000000000001 -1.4730000000000001 1 0 0 0 1 -3.552713678800501e-17 0 3.552713678800501e-17 1 0 0 0 0 0 0 
10 -0.32900000000000001 0.0040000000000000001 -1.4730000000000001 1 0 0 0 1 -3.552713678800501e-17 0 3.552713678800501e-17 1 0 0 0 0 0 0 
1 -0.077834160000000263 0.0040000000000000122 -0.17832060000000008 5.5495345766302431e-17 -0.90630777469782231 -0.42261828820139963 -1 -1.1298815334806543e-16 1.1099069153260486e-16 -1.483425866100842e-16 0.42261828820139963 -0.90630777469782231 0 0 0 0 0 0 
2 -0.077834160000000235 0.0040000000000000131 -0.17832060000000008 2.567360975395647e-16 -0.90630777469782242 -0.42261828820139952 -1 -2.3152113149170122e-16 -1.1099069153260487e-16 2.7466623816136518e-18 0.42261828820139952 -0.90630777469782242 0 5.4269096583144982e-18 2.1707638633257993e-17 0 0 0 
3 -0.16235781764028018 0.0039999999999999758 -0.35958215493956458 -7.4946766132674656e-16 -0.90630777469782231 0.42261828820139974 1 -7.7465332029891712e-16 1.1214217597173687e-16 2.2574733421954254e-16 0.42261828820139974 0.90630777469782231 -8.0061958827225919e-16 5.34817577561437e-16 -2.5453344031848341e-15 -2.7506570050222784e-15 5.556877803668421e-15 2.8062205111427719e-15 
4 -0.37742603720901841 0.0051113412974165134 -0.34756442420312206 0.99999897200246046 -2.0399977604434877e-06 -0.0014338723306963721 2.0873828500645041e-06 0.99999999945182083 3.3045441982867832e-05 0.0014338722624977255 -3.3048401052747062e-05 0.99999897145854011 -3.063077532199667e-15 2.4986365960855504e-17 -2.0991740018381463e-15 -4.3362152249397612e-16 -4.9310641165427983e-15 -2.2940447293677082e-19 
5 -0.3353657947202684 0.0041460926166068009 -1.043191529529891 -0.022940796770444558 0.99791341064080485 -0.06035349788349826 -0.99973682529129482 -0.022898946564639016 0.0013850641548222022 1.4257167166732004e-07 0.060369388844563228 0.99817610514904309 9.1225395100984142e-16 -1.574465707487101e-16 3.6475446852707959e-16 -4.428020157010456e-16 -4.9276330373336677e-15 7.1623630903011629e-18 
6 -0.32908842760633461 0.078999868057739175 -1.1681094160873 0.9999982745309729 -0.0014355529013868975 0.0011790347511287051 0.0011811265855497886 0.0014571881086361254 -0.999998240769855 0.0014338323004999451 0.99999790789315335 0.0014588811639999683 3.7300365128903587e-17 -7.6984069929959853e-17 5.6287745721782372e-16 -3.1733468410066023e-21 -4.923388671618296e-15 1.1593562365135163e-17 
7 -0.25400005212973947 0.0040884277004365581 -1.1680000000000001 6.123233995736766e-17 0 -1 -0.99999999939666639 3.473711597030993e-05 -6.1232339920424133e-17 3.473711597030993e-05 0.99999999939666639 2.127034894232523e-21 6.852159269241089e-17 2.0545843427094234e-16 1.354358357765918e-16 -1.8151803663640296e-15 -7.5184617688979112e-16 1.8152064098756365e-15 
8 -0.32900000000000001 0.0039999999999999931 -1.2730000000000001 1 0 0 0 1 0 0 0 1 0 -1.0853819316628996e-17 0 0 0 0 
9 -0.32900000000000001 0.0040000000000000001 -1.4730000000000001 1 0 0 0 1 -3.552713678800501e-17 0 3.552713678800501e-17 1 0 0 0 0 0 0 
10 -0.32900000000000001 0.0040000000000000001 -1.4730000000000001 1 0 0 0 1 -3.552713678800501e-17 0 3.552713678800501e-17 1 0 0 0 0 0 0 
1 -0.077834160000000263 0.0040000000000000122 -0.17832060000000008 5.5495345766302431e-17 -0.90630777469782231 -0.42261828820139963 -1 -1.1298815334806543e-16 1.1099069153260486e-16 -1.483425866100842e-16 0.42261828820139963 -0.90630777469782231 0 0 0 0 0 0 
2 -0.077834160000000235 0.0040000000000000131 -0.17832060000000008 2.567360975395647e-16 -0.90630777469782242 -0.42261828820139952 -1 -2.3152113149170122e-16 -1.1099069153260487e-16 2.7466623816136518e-18 0.42261828820139952 -0.90630777469782242 0 5.4269096583144982e-18 2.1707638633257993e-17 0 0 0 
3 -0.16235781764028021 0.0040000000000000174 -0.35958215493956469 -9.507084131000087e-16 -0.9063077746978222 0.42261828820139996 1 -9.2841315846149173e-16 2.5857931969692642e-16 1.5801193195525262e-16 0.42261828820139996 0.9063077746978222 -8.0061958827225978e-16 5.3481757756143681e-16 -2.5453344031848341e-15 -2.7506570050222784e-15 5.5568778036684218e-15 2.8062205111427719e-15 
4 -0.37742603720901857 0.0051113412974165134 -0.34756442420312206 0.99999897200246046 -2.0399977604434835e-06 -0.0014338723306964215 2.0873828500645074e-06 0.99999999945182083 3.3045441982872169e-05 0.0014338722624977749 -3.3048401052751399e-05 0.99999897145854011 -3.063077532199667e-15 2.4986365960855507e-17 -2.0991740018381467e-15 -4.3362152249397612e-16 -4.9310641165427983e-15 -2.2940447293677101e-19 
5 -0.3353657947202684 0.0041460926166068 -1.043191529529891 -0.022940796770444558 0.99791341064080485 -0.060353497883498308 -0.99973682529129482 -0.022898946564639016 0.001385064154822207 1.4257167167100633e-07 0.060369388844563276 0.99817610514904309 9.1225395100984142e-16 -1.574465707487101e-16 3.6475446852707974e-16 -4.428020157010456e-16 -4.9276330373336677e-15 7.1623630903011629e-18 
6 -0.32908842760633467 0.078999868057739175 -1.1681094160873 0.9999982745309729 -0.0014355529013869469 0.0011790347511287053 0.0011811265855497888 0.0014571881086361254 -0.999998240769855 0.0014338323004999946 0.99999790789315335 0.0014588811639999683 3.7300365128903193e-17 -7.6984069929959853e-17 5.6287745721782382e-16 -3.1733468410066023e-21 -4.923388671618296e-15 1.1593562365135163e-17 
7 -0.25400005212973942 0.0040884277004365468 -1.1680000000000001 6.123233995736766e-17 0 -1 -0.99999999939666639 3.473711597030993e-05 -6.1232339920424133e-17 3.473711597030993e-05 0.99999999939666639 2.127034894232523e-21 6.8521592692410914e-17 2.0545843427094242e-16 1.3543583577659185e-16 -1.8151803663640296e-15 -7.5184617688979112e-16 1.8152064098756365e-15 
8 -0.32900000000000001 0.0039999999999999931 -1.2730000000000001 1 0 0 0 1 0 0 0 1 0 -1.0853819316628996e-17 0 0 0 0 
9 -0.32900000000000001 0.0040000000000000001 -1.4730000000000001 1 0 0 0 1 -3.552713678800501e-17 0 3.552713678800501e-17 1 0 0 0 0 0 0 
10 -0.32900000000000001 0.0040000000000000001 -1.4730000000000001 1 0 0 0 1 -3.552713678800501e-17 0 3.552713678800501e-17 1 0 0 0 0 0 0 
1 -0.077834160000000263 0.0040000000000000122 -0.17832060000000008 5.5495345766302431e-17 -0.90630777469782231 -0.42261828820139963 -1 -1.1298815334806543e-16 1.1099069153260486e-16 -1.483425866100842e-16 0.42261828820139963 -0.90630777469782231 0 0 0 0 0 0 
2 -0.077834160000000235 0.0040000000000000131 -0.17832060000000008 2.567360975395647e-16 -0.90630777469782242 -0.42261828820139952 -1 -2.3152113149170122e-16 -1.1099069153260487e-16 2.7466623816136518e-18 0.42261828820139952 -0.90630777469782242 0 5.4269096583144982e-18 2.1707638633257993e-17 0 0 0 
3 -0.16235781764028021 0.0040000000000000174 -0.35958215493956469 -9.507084131000087e-16 -0.9063077746978222 0.42261828820139996 1 -9.2841315846149173e-16 2.5857931969692642e-16 1.5801193195525262e-16 0.42261828820139996 0.9063077746978222 -8.0061958827225978e-16 5.3481757756143681e-16 -2.5453344031848341e-15 -2.7506570050222784e-15 5.5568778036684218e-15 2.8062205111427719e-15 
4 -0.37742603720901857 0.0051113412974165134 -0.34756442420312211 0.99999897200246046 -2.0399977604434796e-06 -0.0014338723306964705 2.0873828500645117e-06 0.99999999945182083 3.3045441982876506e-05 0.0014338722624978239 -3.3048401052755736e-05 0.99999897145854011 -3.063077532199667e-15 2.498636596085551e-17 -2.0991740018381467e-15 -4.3362152249397612e-16 -4.9310641165427983e-15 -2.2940447293677101e-19 
5 -0.3353657947202684 0.0041460926166067991 -1.043191529529891 -0.022940796770444558 0.99791341064080485 -0.060353497883498357 -0.99973682529129482 -0.022898946564639016 0.0013850641548222113 1.4257167167425894e-07 0.060369388844563325 0.99817610514904309 9.1225395100984142e-16 -1.574465707487101e-16 3.6475446852707979e-16 -4.428020157010456e-16 -4.9276330373336677e-15 7.1623630903011629e-18 
6 -0.32908842760633461 0.078999868057739175 -1.1681094160873 0.9999982745309729 -0.001435552901386996 0.0011790347511287051 0.0011811265855497888 0.0014571881086361254 -0.999998240769855 0.0014338323005000436 0.99999790789315335 0.0014588811639999683 3.7300365128903193e-17 -7.6984069929959853e-17 5.6287745721782382e-16 -3.1733468410066023e-21 -4.923388671618296e-15 1.1593562365135163e-17 
7 -0.25400005212973942 0.0040884277004365477 -1.1680000000000001 6.123233995736766e-17 0 -1 -0.99999999939666639 3.473711597030993e-05 -6.1232339920424133e-17 3.473711597030993e-05 0.99999999939666639 2.127034894232523e-21 6.8521592692410914e-17 2.0545843427094242e-16 1.3543583577659185e-16 -1.8151803663640296e-15 -7.5184617688979112e-16 1.8152064098756365e-15 
8 -0.32900000000000001 0.0039999999999999931 -1.2730000000000001 1 0 0 0 1 0 0 0 1 0 -1.0853819316628996e-17 0 0 0 0 
9 -0.32900000000000001 0.0040000000000000001 -1.4730000000000001 1 0 0 0 1 -3.552713678800501e-17 0 3.552713678800501e-17 1 0 0 0 0 0 0 
10 -0.32900000000000001 0.0040000000000000001 -1.4730000000000001 1 0 0 0 1 -3.552713678800501e-17 0 3.552713678800501e-17 1 0 0 0 0 0 0 
1 -0.077834160000000249 0.0040000000000000114 -0.17832060000000005 2.567360975395647e-16 -0.90630777469782231 -0.42261828820139963 -1 -2.3152113149170122e-16 -1.1099069153260486e-16 2.7466623816136271e-18 0.42261828820139963 -0.90630777469782231 -1.0595826277015786e-16 6.6223914231348662e-18 -2.1191652554031572e-16 3.31275582418908e-17 3.3127558241890898e-17 -1.2352309233441439e-15 
2 -0.077834160000000208 0.0040000000000000131 -0.17832060000000008 2.567360975395647e-16 -0.90630777469782242 -0.42261828820139952 -1 -2.3152113149170122e-16 -1.1099069153260487e-16 2.7466623816136518e-18 0.42261828820139952 -0.90630777469782242 -2.1191652554031572e-16 1.3710804151810935e-17 8.795517372291807e-17 0 0 0 
3 -0.16235781764028007 0.0039999999999998925 -0.35958215493956436 -3.4698615778022212e-16 -0.90630777469782253 0.42261828820139918 1 -4.985385283191775e-16 -2.480800981615256e-16 4.3552842115228522e-16 0.42261828820139918 0.90630777469782253 -2.9965256880571127e-15 1.9018687996662721e-15 -9.0039239214246464e-15 -9.8779349519052891e-15 2.039210226922267e-14 1.0933740448016289e-14 
4 -0.37742603720901813 0.0051113412974164996 -0.34756442420312184 0.99999897200246046 -2.0399977604435305e-06 -0.0014338723306957376 2.0873828500644613e-06 0.99999999945182083 3.3045441982822946e-05 0.001433872262497091 -3.3048401052702176e-05 0.99999897145854011 -1.0624203968370078e-14 1.8844960328095788e-16 -7.0439352070010963e-15 -1.4315023874169042e-15 -1.8394616028104236e-14 -7.2236709543673516e-19 
5 -0.33536579472026856 0.0041460926166068182 -1.043191529529891 -0.022940796770444562 0.99791341064080497 -0.060353497883497628 -0.99973682529129482 -0.022898946564639019 0.001385064154822155 1.425716716343603e-07 0.060369388844562596 0.9981761051490432 3.806099414144811e-15 -5.3943715776290808e-16 3.0569213959873704e-15 -1.4654661939795507e-15 -1.8381420643584937e-14 -3.9839617910516152e-16 
6 -0.32908842760633467 0.078999868057739189 -1.1681094160873 0.9999982745309729 -0.0014355529013862641 0.0011790347511287291 0.0011811265855498118 0.0014571881086361262 -0.999998240769855 0.0014338323004993118 0.99999790789315335 0.0014588811639999683 5.7416855515461347e-16 -2.8031276525445286e-16 2.9475428376413623e-15 2.9353563493133486e-19 -1.8367036090030182e-14 -3.8269234039397477e-16 
7 -0.25400005212973953 0.0040884277004365008 -1.1680000000000001 6.123233995736766e-17 0 -1 -0.99999999939666639 3.4737115970087886e-05 -6.1232339920424133e-17 3.4737115970087886e-05 0.99999999939666639 2.1270348942189267e-21 7.6964706491700644e-16 9.2836130294151571e-16 6.7842740615526267e-16 -5.788505947554191e-15 -3.6951228500257755e-15 6.706102757757439e-15 
8 -0.32900000000000001 0.0039999999999999949 -1.2730000000000001 1 0 0 0 1 0 0 0 1 0 -3.5699597582540456e-17 0 0 0 0 
9 -0.32900000000000001 0.0040000000000000001 -1.4730000000000001 1 -1.7105694144590052e-49 0 1.7105694144590052e-49 1 -3.552713678800501e-17 6.0771633572862713e-66 3.552713678800501e-17 1 7.3464548804747389e-51 1.6555978557837171e-18 -5.8818651488355906e-35 -1.1763730297671178e-32 5.8396150428894214e-66 -1.4692909760949473e-48 
10 -0.32900000000000001 0.0040000000000000001 -1.4730000000000001 1 0 0 0 1 -3.552713678800501e-17 0 3.552713678800501e-17 1 0 0 0 0 0 0 
1 -0.077834160000000249 0.0040000000000000114 -0.17832060000000005 2.567360975395647e-16 -0.90630777469782231 -0.42261828820139963 -1 -2.3152113149170122e-16 -1.1099069153260486e-16 2.7466623816136271e-18 0.42261828820139963 -0.90630777469782231 -8.6641587666540689e-17 5.4150992291587931e-18 -1.7328317533308138e-16 2.708825311546714e-17 2.7088253115467239e-17 -1.0100426860101889e-15 
2 -0.077834160000000208 0.0040000000000000131 -0.17832060000000008 2.567360975395647e-16 -0.90630777469782242 -0.42261828820139952 -1 -2.3152113149170122e-16 -1.1099069153260487e-16 2.7466623816136518e-18 0.42261828820139952 -0.90630777469782242 -1.7328317533308138e-16 1.2880790768452387e-17 7.8598659219603503e-17 0 0 0 
3 -0.16235781764028007 0.0039999999999999064 -0.35958215493956436 -3.4698615778022212e-16 -0.90630777469782253 0.42261828820139918 1 -4.985385283191775e-16 -2.480800981615256e-16 4.3552842115228522e-16 0.42261828820139918 0.90630777469782253 -2.6965471466513988e-15 1.7196801543430263e-15 -8.145511495085577e-15 -8.9233515546920017e-15 1.8384040996982343e-14 9.8037723870637389e-15 
4 -0.37742603720901813 0.0051113412974164996 -0.34756442420312189 0.99999897200246046 -2.0399977604435178e-06 -0.0014338723306959124 2.087382850064474e-06 0.99999999945182083 3.3045441982836499e-05 0.0014338722624972658 -3.3048401052715729e-05 0.99999897145854011 -9.6296850465413283e-15 1.617811596651604e-16 -6.4055813528666622e-15 -1.3039318380824294e-15 -1.6558180949288986e-14 -6.6125002798094508e-19 
5 -0.33536579472026851 0.0041460926166068147 -1.043191529529891 -0.022940796770444562 0.99791341064080497 -0.060353497883497802 -0.99973682529129482 -0.022898946564639016 0.0013850641548221691 1.425716716445518e-07 0.06036938884456277 0.9981761051490432 3.3928749646965135e-15 -4.8953199935824314e-16 2.6118433512814628e-15 -1.3345281649685581e-15 -1.6546335609994495e-14 -3.2356331469864623e-16 
6 -0.32908842760633461 0.078999868057739175 -1.1681094160873 0.9999982745309729 -0.0014355529013864385 0.0011790347511287257 0.0011811265855498085 0.001457188108636126 -0.999998240769855 0.0014338323004994861 0.99999790789315335 0.0014588811639999683 4.8097005127355085e-16 -2.5289376708183111e-16 2.5833553527513467e-15 2.3904650330681523e-19 -1.6533267693998468e-14 -3.0935914797300388e-16 
7 -0.25400005212973953 0.0040884277004365034 -1.1680000000000001 6.123233995736766e-17 0 -1 -0.99999999939666639 3.4737115970087886e-05 -6.1232339920424133e-17 3.4737115970087886e-05 0.99999999939666639 2.1270348942189267e-21 6.5041680198322364e-16 8.2232381658470582e-16 5.9641233133883771e-16 -5.2916550743922811e-15 -3.2527822549184002e-15 6.0419778083887958e-15 
8 -0.32900000000000001 0.0039999999999999949 -1.2730000000000001 1 0 0 0 1 0 0 0 1 0 -3.2530455573353264e-17 0 0 0 0 
9 -0.32900000000000001 0.0040000000000000001 -1.4730000000000001 1 -1.7105694144590052e-49 0 1.7105694144590052e-49 1 -3.552713678800501e-17 6.0771633572862713e-66 3.552713678800501e-17 1 6.0071626121847332e-51 1.3537748072896987e-18 -4.8095742758736249e-35 -9.6191485517472463e-33 4.7750265571535072e-66 -1.2014325224369461e-48 
10 -0.32900000000000001 0.0040000000000000001 -1.4730000000000001 1 0 0 0 1 -3.552713678800501e-17 0 3.552713678800501e-17 1 0 0 0 0 0 0 
1 -0.077834160000000263 0.0040000000000000122 -0.17832060000000008 5.5495345766302431e-17 -0.90630777469782231 -0.42261828820139963 -1 -1.1298815334806543e-16 1.1099069153260486e-16 -1.483425866100842e-16 0.42261828820139963 -0.90630777469782231 -6.732491256292352e-17 4.20780703518272e-18 -1.3464982512584704e-16 2.104894798904348e-17 2.1048947989043554e-17 -7.8485444867623392e-16 
2 -0.077834160000000235 0.0040000000000000131 -0.17832060000000008 2.567360975395647e-16 -0.90630777469782242 -0.42261828820139952 -1 -2.3152113149170122e-16 -1.1099069153260487e-16 2.7466623816136518e-18 0.42261828820139952 -0.90630777469782242 -1.3464982512584704e-16 1.2050777385093838e-17 6.9242144716288937e-17 0 0 0 
3 -0.16235781764028012 0.0039999999999999619 -0.35958215493956452 -5.4822690955348432e-16 -0.90630777469782242 0.42261828820139952 1 -6.2089348059345975e-16 -3.4294964444730175e-17 2.9348273283306116e-16 0.42261828820139952 0.90630777469782242 -2.3965686052456861e-15 1.537491509019779e-15 -7.2870990687465061e-15 -7.9687681574787128e-15 1.6375979724742013e-14 8.6738043261111846e-15 
4 -0.37742603720901829 0.0051113412974165134 -0.34756442420312195 0.99999897200246046 -2.0399977604435063e-06 -0.0014338723306960687 2.0873828500644854e-06 0.99999999945182083 3.3045441982849076e-05 0.0014338722624974221 -3.3048401052728305e-05 0.99999897145854011 -8.6351661247125755e-15 1.3511271604936286e-16 -5.767227498732228e-15 -1.1763612887479537e-15 -1.4721745870473732e-14 -6.0013296052515191e-19 
5 -0.33536579472026845 0.0041460926166068095 -1.043191529529891 -0.022940796770444558 0.99791341064080485 -0.060353497883497954 -0.99973682529129482 -0.022898946564639016 0.0013850641548221819 1.4257167165387594e-07 0.060369388844562923 0.99817610514904309 2.9796505152482168e-15 -4.3962684095357791e-16 2.1667653065755548e-15 -1.2035901359575648e-15 -1.4711250576404057e-14 -2.4873045029213084e-16 
6 -0.32908842760633461 0.078999868057739175 -1.1681094160873 0.9999982745309729 -0.0014355529013865946 0.0011790347511287226 0.0011811265855498057 0.0014571881086361258 -0.999998240769855 0.0014338323004996422 0.99999790789315335 0.0014588811639999683 3.8777154739248822e-16 -2.2547476890920911e-16 2.2191678678613323e-15 1.8455737168229021e-19 -1.469949929796676e-14 -2.360259555520314e-16 
7 -0.25400005212973947 0.0040884277004365572 -1.1680000000000001 6.123233995736766e-17 0 -1 -0.99999999939666639 3.473711597030993e-05 -6.1232339920424133e-17 3.473711597030993e-05 0.99999999939666639 2.127034894232523e-21 5.3118653904944065e-16 7.1628633022789592e-16 5.1439725652241244e-16 -4.7948042012303703e-15 -2.8104416598110249e-15 5.3778528590201526e-15 
8 -0.32900000000000001 0.003999999999999994 -1.2730000000000001 1 0 0 0 1 0 0 0 1 0 -2.9361313564166072e-17 0 0 0 0 
9 -0.32900000000000001 0.0040000000000000001 -1.4730000000000001 1 0 0 0 1 -3.552713678800501e-17 0 3.552713678800501e-17 1 4.6678703438947263e-51 1.0519517587956804e-18 -3.7372834029116586e-35 -7.474566805823315e-33 3.7104380714175952e-66 -9.3357406877894497e-49 
10 -0.32900000000000001 0.0040000000000000001 -1.4730000000000001 1 0 0 0 1 -3.552713678800501e-17 0 3.552713678800501e-17 1 0 0 0 0 0 0 
1 -0.077834160000000263 0.0040000000000000122 -0.17832060000000008 5.5495345766302431e-17 -0.90630777469782231 -0.42261828820139963 -1 -1.1298815334806543e-16 1.1099069153260486e-16 -1.483425866100842e-16 0.42261828820139963 -0.90630777469782231 -4.8008237459306302e-17 3.0005148412066438e-18 -9.6016474918612603e-17 1.5009642862619821e-17 1.5009642862619845e-17 -5.5966621134227846e-16 
2 -0.077834160000000235 0.0040000000000000131 -0.17832060000000008 2.567360975395647e-16 -0.90630777469782242 -0.42261828820139952 -1 -2.3152113149170122e-16 -1.1099069153260487e-16 2.7466623816136518e-18 0.42261828820139952 -0.90630777469782242 -9.6016474918612603e-17 1.1220764001735286e-17 5.988563021297437e-17 0 0 0 
3 -0.16235781764028012 0.0039999999999999619 -0.35958215493956452 -5.4822690955348432e-16 -0.90630777469782242 0.42261828820139952 1 -6.2089348059345975e-16 -3.4294964444730175e-17 2.9348273283306116e-16 0.42261828820139952 0.90630777469782242 -2.096590063839971e-15 1.3553028636965332e-15 -6.4286866424074336e-15 -7.0141847602654208e-15 1.436791845250168e-14 7.5438362651586287e-15 
4 -0.37742603720901829 0.0051113412974165134 -0.34756442420312206 0.99999897200246046 -2.0399977604434962e-06 -0.0014338723306962068 2.087382850064496e-06 0.99999999945182083 3.3045441982860134e-05 0.0014338722624975602 -3.3048401052739364e-05 0.99999897145854011 -7.6406472028838243e-15 1.0844427243356523e-16 -5.1288736445977931e-15 -1.0487907394134773e-15 -1.2885310791658478e-14 -5.3901589306936183e-19 
5 -0.3353657947202684 0.0041460926166068052 -1.043191529529891 -0.022940796770444558 0.99791341064080485 -0.060353497883498093 -0.99973682529129482 -0.022898946564639016 0.0013850641548221933 1.4257167166233271e-07 0.060369388844563061 0.99817610514904309 2.5664260657999157e-15 -3.8972168254891287e-16 1.721687261869645e-15 -1.0726521069465721e-15 -1.2876165542813607e-14 -1.738975858856152e-16 
6 -0.32908842760633461 0.078999868057739175 -1.1681094160873 0.9999982745309729 -0.0014355529013867327 0.0011790347511287204 0.0011811265855498037 0.0014571881086361256 -0.999998240769855 0.0014338323004997803 0.99999790789315335 0.0014588811639999683 2.94573043511426e-16 -1.9805577073658707e-16 1.8549803829713163e-15 1.300682400577621e-19 -1.2865730901935046e-14 -1.6269276313105893e-16 
7 -0.25400005212973947 0.004088427700436559 -1.1680000000000001 6.123233995736766e-17 0 -1 -0.99999999939666639 3.473711597030993e-05 -6.1232339920424133e-17 3.473711597030993e-05 0.99999999939666639 2.127034894232523e-21 4.1195627611565775e-16 6.1024884387108563e-16 4.3238218170598753e-16 -4.2979533280684596e-15 -2.3681010647036496e-15 4.7137279096515086e-15 
8 -0.32900000000000001 0.003999999999999994 -1.2730000000000001 1 0 0 0 1 0 0 0 1 0 -2.6192171554978883e-17 0 0 0 0 
9 -0.32900000000000001 0.0040000000000000001 -1.4730000000000001 1 0 0 0 1 -3.552713678800501e-17 0 3.552713678800501e-17 1 3.328578075604717e-51 7.5012871030166115e-19 -2.6649925299496903e-35 -5.3299850598993783e-33 2.6458495856816778e-66 -6.6571561512094319e-49 
10 -0.32900000000000001 0.0040000000000000001 -1.4730000000000001 1 0 0 0 1 -3.552713678800501e-17 0 3.552713678800501e-17 1 0 0 0 0 0 0 
1 -0.077834160000000263 0.0040000000000000122 -0.17832060000000008 5.5495345766302431e-17 -0.90630777469782231 -0.42261828820139963 -1 -1.1298815334806543e-16 1.1099069153260486e-16 -1.483425866100842e-16 0.42261828820139963 -0.90630777469782231 -2.8691562355689132e-17 1.7932226472305708e-18 -5.7383124711378264e-17 8.9703377361961363e-18 8.970337736196161e-18 -3.3447797400832343e-16 
2 -0.077834160000000235 0.0040000000000000131 -0.17832060000000008 2.567360975395647e-16 -0.90630777469782242 -0.42261828820139952 -1 -2.3152113149170122e-16 -1.1099069153260487e-16 2.7466623816136518e-18 0.42261828820139952 -0.90630777469782242 -5.7383124711378264e-17 1.0390750618376736e-17 5.0529115709659804e-17 0 0 0 
3 -0.16235781764028018 0.0039999999999999758 -0.35958215493956458 -7.4946766132674656e-16 -0.90630777469782231 0.42261828820139974 1 -7.7465332029891712e-16 1.1214217597173687e-16 2.2574733421954254e-16 0.42261828820139974 0.90630777469782231 -1.7966115224342559e-15 1.173114218373287e-15 -5.5702742160683627e-15 -6.0596013630521287e-15 1.2359857180261347e-14 6.4138682042060728e-15 
4 -0.37742603720901841 0.0051113412974165134 -0.34756442420312211 0.99999897200246046 -2.0399977604434868e-06 -0.0014338723306963265 2.0873828500645049e-06 0.99999999945182083 3.3045441982870109e-05 0.0014338722624976799 -3.3048401052749339e-05 0.99999897145854011 -6.6461282810550716e-15 8.1775828817767669e-17 -4.4905197904633598e-15 -9.2122019007900163e-16 -1.1048875712843222e-14 -4.7789882561357252e-19 
5 -0.3353657947202684 0.0041460926166068017 -1.043191529529891 -0.022940796770444558 0.99791341064080485 -0.060353497883498211 -0.99973682529129482 -0.022898946564639016 0.0013850641548222035 1.4257167166970529e-07 0.060369388844563179 0.99817610514904309 2.1532016163516174e-15 -3.3981652414424764e-16 1.2766092171637356e-15 -9.4171407793557894e-16 -1.1041080509223164e-14 -9.9064721479099778e-17 
6 -0.32908842760633461 0.078999868057739175 -1.1681094160873 0.9999982745309729 -0.0014355529013868522 0.0011790347511287189 0.0011811265855498024 0.0014571881086361254 -0.999998240769855 0.0014338323004998998 0.99999790789315335 0.0014588811639999683 2.0137453963036219e-16 -1.7063677256396497e-16 1.4907928980813005e-15 7.5579108433230149e-20 -1.103196250590333e-14 -8.9359570710085665e-17 
7 -0.25400005212973947 0.0040884277004365546 -1.1680000000000001 6.123233995736766e-17 0 -1 -0.99999999939666639 3.473711597030993e-05 -6.1232339920424133e-17 3.473711597030993e-05 0.99999999939666639 2.127034894232523e-21 2.927260131818751e-16 5.0421135751427583e-16 3.5036710688956261e-16 -3.8011024549065489e-15 -1.9257604695962743e-15 4.0496029602828654e-15 
8 -0.32900000000000001 0.0039999999999999931 -1.2730000000000001 1 0 0 0 1 0 0 0 1 0 -2.3023029545791685e-17 0 0 0 0 
9 -0.32900000000000001 0.0040000000000000001 -1.4730000000000001 1 0 0 0 1 -3.552713678800501e-17 0 3.552713678800501e-17 1 1.9892858073147107e-51 4.4830566180764279e-19 -1.592701656987724e-35 -3.185403313975447e-33 1.5812610999457642e-66 -3.9785716146294202e-49 
10 -0.32900000000000001 0.0040000000000000001 -1.4730000000000001 1 0 0 0 1 -3.552713678800501e-17 0 3.552713678800501e-17 1 0 0 0 0 0 0 
1 -0.077834160000000263 0.0040000000000000122 -0.17832060000000008 5.5495345766302431e-17 -0.90630777469782231 -0.42261828820139963 -1 -1.1298815334806543e-16 1.1099069153260486e-16 -1.483425866100842e-16 0.42261828820139963 -0.90630777469782231 -9.3748872520719383e-18 5.8593045325449614e-19 -1.8749774504143877e-17 2.9310326097724705e-18 2.9310326097724767e-18 -1.092897366743682e-16 
2 -0.077834160000000235 0.004000000000000014 -0.17832060000000008 2.567360975395647e-16 -0.90630777469782242 -0.42261828820139952 -1 -2.3152113149170122e-16 -1.1099069153260487e-16 2.7466623816136518e-18 0.42261828820139952 -0.90630777469782242 -1.8749774504143877e-17 9.5607372350181858e-18 4.1172601206345225e-17 0 0 0 
3 -0.16235781764028018 0.0039999999999999758 -0.35958215493956464 -7.4946766132674656e-16 -0.90630777469782231 0.42261828820139979 1 -7.3777344405340116e-16 1.9123131977915318e-16 1.3848211812472767e-16 0.42261828820139979 0.90630777469782231 -1.4966329810285408e-15 9.9092557305004048e-16 -4.7118617897292918e-15 -5.1050179658388382e-15 1.0351795908021016e-14 5.2839001432535153e-15 
4 -0.37742603720901857 0.0051113412974165134 -0.34756442420312206 0.99999897200246046 -2.0399977604434792e-06 -0.0014338723306964278 2.0873828500645125e-06 0.99999999945182083 3.3045441982878457e-05 0.0014338722624977812 -3.3048401052757687e-05 0.99999897145854011 -5.6516093592263204e-15 5.5107385201970091e-17 -3.8521659363289257e-15 -7.9364964074452599e-16 -9.2124406340279681e-15 -4.1678175815778513e-19 
