1 -0.121 -1.218180697837851e-18 -0.080000000000000002 1 0 0 0 1 0 0 0 1 -0 -0 0 -0 0 0 
2 -0.083602230618580478 -5.9312708469894131e-08 -0.033286712968750368 0.99999999999997524 -1.905589676999931e-07 -1.1466746778093839e-07 1.9056103698202986e-07 0.99999999983714893 1.8046208787926262e-05 1.1466402889534713e-07 -1.8046208809776967e-05 0.99999999983716059 -0 0 -0 0 0 -0 
3 0.088998567521878499 1.8044921023693774e-07 -0.0050007167877310328 0.99999999999812039 1.9352654342641935e-06 -1.1823681770430398e-07 -1.9352633002233264e-06 0.99999999983529464 1.8046204196793382e-05 1.1827174188003147e-07 -1.8046203967940089e-05 0.99999999983716026 -0 -0 0 0 0 0 
4 0.27457940158149274 2.0299346248396534e-10 -1.2562251562985963e-08 1 0 0 0 1 0 0 0 1 0 0 -0 0 0 0 
1 -0.121 -1.218180697837851e-18 -0.080000000000000002 1 0 0 0 1 0 0 0 1 0 0 0 0 0 0 
2 -0.083602232443591523 1.1683586686878049e-05 -0.033286712968750361 0.99999995064066027 -0.00031419526203773024 -1.2033397183312686e-07 0.00031419526415813885 0.99999995047783463 1.8046171892719015e-05 1.1466394416731722e-07 -1.8046208810335952e-05 0.99999999983716059 -7.3372923704227979e-07 0.0023485798018769376 1.4755725518624181e-14 -1.4483726717973155e-13 -4.4048098502003086e-14 0.062799999995380287 
3 0.088998563476841708 1.1170224211912609e-05 -0.0050007157960972222 0.99999999676521001 8.0433603710899774e-05 -1.2390332173431636e-07 -8.0433601461823103e-05 0.99999999660238581 1.8046167581839755e-05 1.2535483960511888e-07 -1.8046157557473795e-05 0.99999999983716026 -1.5854331383178318e-06 0.0021979549257710169 1.9832648268226386e-07 9.4460307546909178e-09 -1.4166188387284687e-06 -0.015699677771252269 
4 0.27457939705553081 2.0299346248396633e-10 -1.2562251562986383e-08 1 -2.1618782591643095e-32 0 2.1618782591643095e-32 1 -1.0337068259254809e-36 2.2347483133180426e-68 1.0337068259254809e-36 1 -1.767886166366302e-06 4.0269757068786169e-22 -6.5342667389463836e-19 1.6610587311931929e-33 -2.0274811031868189e-17 3.3570735388456837e-29 
1 -0.121 -1.218180697837851e-18 -0.080000000000000002 1 0 0 0 1 0 0 0 1 0 0 0 0 0 0 
2 -0.083602260042243526 4.6912273309728257e-05 -0.033286712968750368 0.99999921096907662 -0.0012562090611494346 -1.3733340994668085e-07 0.0012562090634232219 0.99999921080625309 1.804605053147665e-05 1.1466368936841092e-07 -1.8046208812059023e-05 0.99999999983716059 -5.8921814473500036e-06 0.0046971561192430704 2.6617652528377101e-15 6.4635796714895832e-14 -1.1552564460615145e-13 0.12559999986998413 
3 0.088998504756191726 4.4139538255750828e-05 -0.0050007128212122588 0.99999995009456777 0.00031592853987148117 -1.4090276056216082e-07 -0.00031592853727730401 0.99999994993174857 1.8046047060817648e-05 1.4660401480578213e-07 -1.8046001645018827e-05 0.99999999983716026 -1.2487971909946255e-05 0.0043959065625816772 3.9664951231461533e-07 2.1561394705945373e-08 -2.8332178879412895e-06 -0.031399333444742952 
4 0.27457933171603122 2.0299346248398083e-10 -1.2562251562986248e-08 1 -1.2000336657879237e-32 -1.3552527156068811e-20 1.2000336657879237e-32 1 -2.6209276884338912e-37 1.3552527156068811e-20 2.6209276884338896e-37 1 -1.3888091997574982e-05 3.0691324395581773e-21 -2.2525761156076811e-19 2.1729011432088324e-34 -6.1904311909813663e-18 9.9489754554722955e-30 
1 -0.121 -1.218180697837851e-18 -0.080000000000000002 1 0 0 0 1 0 0 0 1 0 0 0 0 0 0 
2 -0.083602379785311293 0.00010562664241755391 -0.033286712968750368 0.99999600620636631 -0.0028262291643584461 -1.6566552736452809e-07 0.0028262291668878594 0.99999600604354666 1.8045812677559173e-05 1.1466326361975887e-07 -1.8046208815052773e-05 0.99999999983716059 -1.9900057609388931e-05 0.0070457114408383698 9.1609581153447671e-31 -1.1732281812726342e-13 1.2859852072111266e-13 0.18839999861205325 
3 0.08899825160353779 9.9088292898072262e-05 -0.0050007078631361928 0.99999974907095246 0.00070841936980529333 -1.6923487985464929e-07 -0.0007084193666359749 0.99999974890814325 1.804581060845537e-05 1.820188391400167e-07 -1.80456861909709e-05 0.99999999983716004 -4.2024660999415884e-05 0.0065938384943445847 5.9496351977273644e-07 3.9013873866010969e-08 -4.2497681138748252e-06 -0.047098857003690646 
4 0.27457905027845608 2.0299346248404343e-10 -1.256225156298579e-08 1 1.098146674460362e-61 2.7105054312137599e-20 -1.098146674460362e-61 1 9.4721500618358501e-65 -2.7105054312137599e-20 -9.4721500618358501e-65 1 -4.6712856304548532e-05 1.0392202996511092e-20 5.3362281653154928e-20 -2.3364352746718644e-62 4.7507130109972428e-18 -2.5874047803609668e-59 
1 -0.121 -1.218180697837851e-18 -0.080000000000000002 1 0 0 0 1 0 0 0 1 0 0 0 0 0 0 
2 -0.083602702290159897 0.00018782628784687471 -0.033286712968750368 0.9999873784027945 -0.005024244725747324 -2.0532979209318658e-07 0.0050242447286346029 0.99998737823998074 1.804540495247299e-05 1.1466266981338891e-07 -1.8046208817765823e-05 0.99999999983716059 -4.7181932286807847e-05 0.0093941995826489627 -7.1356554630916657e-31 6.5107641500361524e-14 -1.0010048345776568e-13 0.25119998928941467 
3 0.088997571093207301 0.00017601610732659981 -0.0050007009220033932 0.99999920883921867 0.0012579033718659169 -2.088991428818746e-07 -0.001257903367891468 0.99999920867642711 1.8045404844810759e-05 2.3159835317603149e-07 -1.804512779305878e-05 0.99999999983715981 -9.9512194532021776e-05 0.0087917074710984339 7.9325865655199352e-07 6.4473189479885479e-08 -5.6662192213489558e-06 -0.062797958646097204 
4 0.27457829393741523 2.0299346248421127e-10 -1.2562251562986206e-08 1 -3.9114202287561168e-62 -1.3552527156068811e-20 3.9114202287561168e-62 1 -4.2542974876711777e-66 1.3552527156068811e-20 4.2542974876711772e-66 1 -0.00011059395500844687 2.4544687397419857e-20 -2.3968913713332927e-20 1.9592357033668664e-63 -5.3549316965937117e-18 1.8330527510951589e-59 
1 -0.121 -1.218180697837851e-18 -0.080000000000000002 1 0 0 0 1 0 0 0 1 0 0 0 0 0 0 
2 -0.083603382418309738 0.00029351012776684487 -0.033286712968750368 0.99996918649029631 -0.0078502273769202411 -2.5632521620940108e-07 0.0078502273802676138 0.99996918632749132 1.8044752632680454e-05 1.1466190676131136e-07 -1.8046208821750646e-05 0.99999999983716059 -9.216209153201297e-05 0.011742533643716947 -1.0128435266561432e-30 1.3578027591165664e-13 -1.4148404670066839e-13 0.31399997140715202 
3 0.088996137136981887 0.00027492196811582315 -0.0050006919980775345 0.99999807061684753 0.0019643733135507381 -2.5989454601538403e-07 -0.0019643733085412673 0.99999807045408429 1.8044755046817667e-05 2.9534067980045283e-07 -1.804420970166206e-05 0.9999999998371597 -0.00019426646898035091 0.010989432137341423 9.9151914952974717e-07 1.0060669228799863e-07 -7.0824919863378432e-06 -0.078496093495447603 
4 0.27457670037558379 2.0299346248456492e-10 -1.2562251562986555e-08 1 -3.2471526164901902e-61 -9.4867690092481867e-20 3.2471526164901902e-61 1 -3.3592843128742141e-65 9.4867690092481867e-20 3.3592843128742111e-65 1 -0.00021588210752104725 4.791367198898575e-20 -4.7196345638611747e-20 3.0046129415400337e-63 -8.5271230288394645e-18 3.0047541561633264e-59 
1 -0.121 -1.218180697837851e-18 -0.080000000000000002 1 0 0 0 1 0 0 0 1 0 0 0 0 0 0 
2 -0.083604619273164232 0.0004226760402567113 -0.033286712968750368 0.99993610640514219 -0.011304119037888626 -3.1865013881531065e-07 0.011304119041798297 0.99993610624234974 1.8043759649809856e-05 1.1466097208806371e-07 -1.8046208828242933e-05 0.99999999983716059 -0.00015926459451327888 0.014090590294376332 3.0019527836205811e-30 -4.0079051188968151e-13 4.1798509098356362e-13 0.37680007245363423 
3 0.088993530490385914 0.00039580388817712589 -0.0050006810918059794 0.99999600172318204 0.00282781497729749 -3.2221946769837709e-07 -0.0028278149710232714 0.99999600156046231 1.8043765145802033e-05 3.7324260864945506e-07 -1.8042781824799431e-05 0.99999999983715926 -0.0003356027528157647 0.013186897045154427 1.1897237812031401e-06 1.5008165768507742e-07 -8.4984827273705809e-06 -0.094192490373247145 
4 0.27457380377202084 2.0299346248520813e-10 -1.2562251562987201e-08 1 -2.350286996580938e-61 -6.7762635780344147e-20 2.350286996580938e-61 1 -2.3776428311315487e-65 6.7762635780344147e-20 2.3776428311315471e-65 1 -0.00037292720255574903 8.2863111852667464e-20 -8.4940129962670171e-20 -8.3713245102410515e-63 2.3531722834659724e-17 -8.2369568136792629e-59 
1 -0.121 -1.218180697837851e-18 -0.080000000000000002 1 0 0 0 1 0 0 0 1 0 0 0 0 0 0 
2 -0.083606656181764313 0.00057531995939498622 -0.033286712968750368 0.99988163136836439 -0.015385813335161418 -3.9230189538854685e-07 0.015385813339735563 0.99988163120558926 1.8042308595853191e-05 1.1465986689496917e-07 -1.8046208836208424e-05 0.99999999983716059 -0.00025290985744778226 0.016438096167794791 2.4210697516847469e-31 -1.9456658506555868e-14 3.3778535524220388e-14 0.43959988112669901 
3 0.088989238803134113 0.0005386580608193422 -0.0050006682039528232 0.99999259564625165 0.0038482012051852502 -3.9587117310379614e-07 -0.0038482011974168284 0.9999925954835962 1.8042317738624119e-05 4.6529871073530962e-07 -1.8040660754998781e-05 0.99999999983715904 -0.00053282624238157371 0.015383846332047049 1.3878292428782199e-06 2.1556327353195029e-07 -9.9139735071214374e-06 -0.10988542931038559 
4 0.27456903486889495 2.0299346248626721e-10 -1.2562251562988271e-08 1 2.7684362562230334e-62 2.7105054312137599e-20 -2.7684362562230334e-62 1 5.6385822825563831e-66 -2.7105054312137599e-20 -5.6385822825563841e-66 1 -0.00059206580785644289 1.3146606651693904e-19 -1.3206173595761461e-19 -7.7641604944039201e-64 1.9086257487496791e-18 -3.8930069336454503e-60 
1 -0.121 -1.218180697837851e-18 -0.080000000000000002 1 0 0 0 1 0 0 0 1 0 0 0 0 0 0 
2 -0.083609780691013352 0.00075143545321104362 -0.033286712968750368 0.99979807233777329 -0.020095137457723268 -4.7727648810352269e-07 0.02009513746306402 0.99979807217502159 1.8040260735592889e-05 1.1465859344545952e-07 -1.8046208844552925e-05 0.99999999983716059 -0.00037752137915146908 0.018784849529401609 -4.9922653843692575e-32 5.7870375158586285e-15 -6.9111383282915995e-15 0.50240002243124404 
3 0.088982656629573609 0.00070347846476843641 -0.0050006533356613224 0.99998737215045463 0.0050254889709462243 -4.8084568319142662e-07 -0.0050254889614545504 0.99998737198789023 1.8040274086402293e-05 5.7150080952037789e-07 -1.8037629791862331e-05 0.9999999998371587 -0.00079525065602896385 0.017580091173673366 1.5858027330409862e-06 2.9971717706258807e-07 -1.1328810777426198e-05 -0.12557365551788133 
4 0.27456172098529918 2.0299346248789122e-10 -1.2562251562989897e-08 1 4.9357935015186017e-62 2.7105054312137599e-20 -4.9357935015186017e-62 1 9.812272434028345e-66 -2.7105054312137599e-20 -9.8122724340283471e-66 1 -0.00088364576060845519 1.9620971745096354e-19 -1.9596699816456903e-19 3.0466093692752041e-64 -7.0275962535006039e-19 1.4334125469623505e-60 
1 -0.121 -1.218180697837851e-18 -0.080000000000000002 1 0 0 0 1 0 0 0 1 0 0 0 0 0 0 
2 -0.083614324541418733 0.00095101293933544156 -0.033286712968750368 0.99967655873447425 -0.025431828807029884 -5.7356816108103587e-07 0.025431828813239313 0.99967655857175342 1.8037456023627345e-05 1.1465715166859845e-07 -1.8046208853309538e-05 0.99999999983716059 -0.0005375097438718783 0.021130351711213427 1.97537825788059e-32 8.7430063189231078e-16 2.8033131371785203e-15 0.5651997853239088 
3 0.088973085501264093 0.00089025613012179829 -0.0050006364885697777 0.99997977744960909 0.0063596140997066453 -5.7713741949173561e-07 -0.0063596140882632617 0.99997977728716991 1.8037474132708169e-05 6.9183712302490242e-07 -1.8033438997714735e-05 0.99999999983715826 -0.0011321540155288345 0.019775164856016457 1.783567654903512e-06 4.0519671027982705e-07 -1.274261159630454e-05 -0.14125403188652844 
4 0.27455108611325962 2.0299346249025264e-10 -1.256225156299225e-08 1 -1.1251086065320504e-71 0 1.1251086065320504e-71 1 -2.6202828698493834e-67 2.9481028084160413e-138 2.6202828698493834e-67 1 -0.0012579676832622068 2.7932734719067718e-19 -2.7923194934325398e-19 9.3366708559563973e-65 0 4.0090208798706272e-69 
1 -0.121 -1.218180697837851e-18 -0.080000000000000002 1 0 0 0 1 0 0 0 1 0 0 0 0 0 0 
2 -0.083620663554863472 0.0011740372866140458 -0.033286712968750368 0.99950703984524847 -0.031395498074164876 -6.8116873589979592e-07 0.031395498081344973 0.99950703968256749 1.8033713134007262e-05 1.146555407747548e-07 -1.8046208863730991e-05 0.99999999983716059 -0.00073729312980498661 0.023474197193765551 2.6615995808359847e-33 -4.4408920985006262e-16 3.6082248300317588e-16 0.62799982533671628 
3 0.088959734237171503 0.0010989768937822106 -0.0050006176651655083 0.99996918454094352 0.0078504756576506622 -6.8473776927559634e-07 -0.0078504756440279551 0.9999691843786721 1.8033736594257826e-05 8.2629007880549449e-07 -1.8027805359205928e-05 0.9999999998371577 -0.001552835330065643 0.02196868783950022 1.9810611528556355e-06 5.3466319338637486e-07 -1.4155076899583546e-05 -0.15692402674761963 
4 0.27453625132802761 2.0299346249354665e-10 -1.2562251562995544e-08 1 -4.8735347048999773e-71 0 4.8735347048999773e-71 1 -1.1350050500659919e-66 5.5314865017333473e-137 1.1350050500659919e-66 1 -0.0017253599578488077 3.8310781813164877e-19 -3.8304490398492851e-19 5.3593183946453796e-65 0 2.3012077514011487e-69 
1 -0.121 -1.218180697837851e-18 -0.080000000000000002 1 0 0 0 1 0 0 0 1 0 0 0 0 0 0 
2 -0.083629217760922372 0.0014204895291223295 -0.033286712968750368 0.99927828601259283 -0.037985617055597699 -8.0006739521549658e-07 0.037985617063850327 0.9992782858499627 1.802882947962654e-05 1.1465376268162163e-07 -1.8046208874914441e-05 0.99999999983716059 -0.00098128351567186752 0.025815833812592566 -5.4121160243629558e-32 -9.9920072216264089e-16 -7.6605388699135801e-15 0.69080065303549154 
3 0.088941718594566552 0.0013296230035440071 -0.005000596868531851 0.99995489348838962 0.0094979465137173796 -8.0363650245400953e-07 -0.0094979464976888452 0.99995489332633769 1.8028858803049529e-05 9.7483738969927733e-07 -1.8020412687616712e-05 0.99999999983715715 -0.0020665764735274552 0.024160143344582743 2.1781987221169562e-06 6.9077143995917637e-07 -1.5565800843568778e-05 -0.17258018679533488 
4 0.27451623432632505 2.0299346249799128e-10 -1.2562251562999989e-08 1 -2.2210709339300676e-71 0 2.2210709339300676e-71 1 -5.1726865185361471e-67 1.1488903676652551e-137 5.1726865185361471e-67 1 -0.0022961283012724915 5.0983715411040227e-19 -5.1004680688257046e-19 -2.3269218117784127e-64 0 -9.9914394254294065e-69 
1 -0.121 -1.218180697837851e-18 -0.080000000000000002 1 0 0 0 1 0 0 0 1 0 0 0 0 0 0 
2 -0.083640450983772319 0.0016903417579081093 -0.033286712968750368 0.99897789174260243 -0.045201458036660452 -9.3024958460133726e-07 0.045201458046087342 0.99897789158003603 1.8022581278887909e-05 1.1465181727829433e-07 -1.8046208887313886e-05 0.99999999983716059 -0.0012738334823308079 0.028154103865342006 -3.9474874973178979e-32 -9.9920072216264089e-16 -5.6066262743570405e-15 0.75359964879089325 
3 0.088918062410520013 0.001582168337453642 -0.0050005741030996406 0.9999361321622886 0.011301840356772218 -9.3381853851305016e-07 -0.011301840338112863 0.99993613200051779 1.802261707907331e-05 1.137447638430039e-06 -1.8010912145463523e-05 0.99999999983715671 -0.0026824951959878861 0.026348447890044539 2.3748069739298845e-06 8.7611501399813865e-07 -1.6973905617545786e-05 -0.18821520990269017 
4 0.27448995093608064 2.0299346250382737e-10 -1.2562251563005825e-08 1 1.9548578255406186e-72 0 -1.9548578255406186e-72 1 4.5526986848350812e-68 8.8998786513783412e-140 -4.5526986848350812e-68 1 -0.0029803613673526456 6.6177196642912825e-19 -6.6173898499893421e-19 -5.5826436607904808e-66 2.1970514357059636e-19 -2.3971001383976554e-70 
1 -0.121 -1.218180697837851e-18 -0.080000000000000002 1 0 0 0 1 0 0 0 1 0 0 0 0 0 0 
2 -0.083654871075694026 0.0019835588519080327 -0.033286712968750368 0.99859227823335994 -0.053042076237259456 -1.0716966996451929e-06 0.053042076247962179 0.9985922780708727 1.8014723601013832e-05 1.1464970606159584e-07 -1.8046208900537954e-05 0.99999999983716059 -0.0016193814317463475 0.030488586834561938 -1.6953438724828175e-32 -9.9920072216264089e-16 -2.4424906541753444e-15 0.81640015914770991 
3 0.088887696956730003 0.0018565800237133423 -0.0050005493743937477 0.99991205684088924 0.013261922299049779 -1.0752654245465821e-06 -0.013261922277536536 0.99991205667947269 1.8014766440124472e-05 1.3140812948991595e-06 -1.7998922078165029e-05 0.99999999983715604 -0.0034099463760049833 0.028533207900083003 2.5708205709097353e-06 1.0933768131462276e-06 -1.8379114826561679e-05 -0.20382651410072206 
4 0.27445621426315864 2.029934625113184e-10 -1.2562251563013315e-08 1 2.9963311437276712e-72 0 -2.9963311437276712e-72 1 6.9782020355402675e-68 2.0909004086313134e-139 -6.9782020355402675e-68 1 -0.0037884614234478132 8.4120731515999823e-19 -8.4115379237203722e-19 3.1463215825788999e-66 5.4451829763382292e-19 1.350981427314579e-70 
1 -0.121 -1.218180697837851e-18 -0.080000000000000002 1 0 0 0 1 0 0 0 1 0 0 0 0 0 0 
2 -0.08367302966897544 0.0023000962794750227 -0.033286712968750368 0.9981066974979208 -0.061506263163152268 -1.2243852429367783e-06 0.06150626317523214 0.99810669733553004 1.8004990447664333e-05 1.1464743036990334e-07 -1.8046208915179796e-05 0.9999999998371607 -0.0020222311401474602 0.032817818418289117 9.1091001828237962e-17 -2.6645352591003757e-15 1.0269562977782698e-15 0.87919963480648122 
3 0.088849461624813983 0.0021528163832079338 -0.0050005226893546301 0.99988175319061179 0.015377894360434397 -1.2279541525019323e-06 -0.015377894335846626 0.999881753029634 1.8005040777481223e-05 1.5046885656750703e-06 -1.7984028389649944e-05 0.99999999983715526 -0.0042579130012147066 0.030713052957772057 2.7660216403606823e-06 1.3451022466047095e-06 -1.9780333886328474e-05 -0.2194048690309118 
4 0.27441373559754417 2.0299346252075056e-10 -1.2562251563022741e-08 1 0 0 0 1 0 0 0 1 -0.0047303389514962305 1.0503462222632997e-18 -1.0472885166082421e-18 0 4.5495396482508253e-19 0 
1 -0.121 -1.218180697837851e-18 -0.080000000000000002 1 0 0 0 1 0 0 0 1 0 0 0 0 0 0 
2 -0.083695521469609957 0.0026398950787022545 -0.033286712968750368 0.99750523908691935 -0.070592478297766451 -1.3882855928118524e-06 0.070592478311324508 0.99750523892464527 1.7993094879832095e-05 1.1464499213922985e-07 -1.8046208930621034e-05 0.99999999983716059 -0.0024867721272304514 0.03514078309070387 2.651516582932894e-16 -1.3322676295501878e-15 3.858025010572419e-15 0.94199975876474995 
3 0.088802105877150178 0.0024708222317674018 -0.0050004940570702238 0.99984423786300003 0.017649362884231166 -1.3918540841175091e-06 -0.017649362856351301 0.99984423770255904 1.7993153447877701e-05 1.7092049803609133e-06 -1.7965785458071605e-05 0.9999999998371546 -0.0052356148702710041 0.032887032639779497 2.9602573630957133e-06 1.633924937640843e-06 -2.1176840004243709e-05 -0.234943933333047 
4 0.27436112699295639 2.0299346253243203e-10 -1.2562251563034363e-08 1 0 0 0 1 0 0 0 1 -0.0058162175610629429 1.2914604285315453e-18 -1.2826800038574806e-18 0 8.6610332520859156e-20 0 
1 -0.121 -1.218180697837851e-18 -0.080000000000000002 1 0 0 0 1 0 0 0 1 0 0 0 0 0 0 
2 -0.083722985210969991 0.0030028864740590327 -0.033286712968750361 0.99677083415627898 -0.080298842911662976 -1.5633618913237174e-06 0.08029884292679991 0.99677083399414457 1.7978729094429575e-05 1.1464239294445949e-07 -1.8046208947473479e-05 0.99999999983716059 -0.0030173425899861061 0.037456103001241713 5.7364825682712944e-16 8.8817841970012523e-16 9.7144514654701197e-15 1.0048010779408489 
3 0.088744286613124806 0.0028105332007113738 -0.0050004634881083481 0.99979845946076895 0.020075867538359084 -1.5669304529170255e-06 -0.020075867506973252 0.99979845930097588 1.7978796227314167e-05 1.9275545842169319e-06 -1.794371528286239e-05 0.99999999983715371 -0.0063521300317825663 0.035053857435848323 3.1533221174734753e-06 1.9624273636201385e-06 -2.2567638129038247e-05 -0.25043507001974491 
4 0.27429689778442096 2.0299346254669381e-10 -1.2562251563048493e-08 1 0 0 0 1 0 0 0 1 -0.0070561334285087459 1.5667780539102441e-18 -1.5478742441723285e-18 0 -8.3222371084262412e-19 0 
1 -0.121 -1.218180697837851e-18 -0.080000000000000002 1 0 0 0 1 0 0 0 1 0 0 0 0 0 0 
2 -0.083756101687017553 0.0033889826231180498 -0.033286712968750361 0.99588526700774205 -0.090623037655209238 -1.7495701993021141e-06 0.090623037672025356 0.99588526684577316 1.7961564641322715e-05 1.146396359603357e-07 -1.8046208964781696e-05 0.9999999998371607 -0.0036180557359711016 0.039761529153369793 6.6599295059273373e-17 1.4988010832439613e-15 1.4155343563970746e-15 1.0675996095997986 
3 0.088674573597900083 0.0031718670770422915 -0.0050004309958464185 0.99974330127215927 0.022656821453399235 -1.7531384974803221e-06 -0.022656821418298115 0.99974330111314014 1.7961641079918693e-05 2.1596421637372666e-06 -1.7917309803644593e-05 0.99999999983715293 -0.0076159157418515906 0.037211422561634004 3.344886470757359e-06 2.3329671199577319e-06 -2.3951063859000256e-05 -0.26586406683312758 
4 0.27421946176438905 2.0299346256388805e-10 -1.2562251563065599e-08 1 0 0 0 1 0 0 0 1 -0.0084593022758720285 1.8783432375039891e-18 -1.876204796173751e-18 0 -4.8943008311972766e-19 0 
1 -0.121 -1.218180697837851e-18 -0.080000000000000002 1 0 0 0 1 0 0 0 1 0 0 0 0 0 0 
2 -0.083795594888443126 0.003798079899732144 -0.033286712968750361 0.99482918271739673 -0.10156228241845494 -1.9468581325248785e-06 0.10156228243705001 0.99482918255562258 1.7941252566389911e-05 1.1463672444296938e-07 -1.8046208983068429e-05 0.99999999983716059 -0.0042933624121493713 0.042055890982564965 -6.2421551425453091e-16 1.1379786002407855e-15 -9.1315843775419125e-15 1.1304002195740104 
3 0.088591446327639795 0.0035547268760502768 -0.0050003965960114674 0.9996775830787632 0.025391531777317091 -1.9504260669792623e-06 -0.025391531738296752 0.99967758292065911 1.7941338869155962e-05 2.4053552923270647e-06 -1.7886029972531995e-05 0.99999999983715215 -0.0090363608066042662 0.039358632498035506 3.5347727625672026e-06 2.7482428307087759e-06 -2.5326317931647149e-05 -0.28122367436894424 
4 0.27412713303977648 2.0299346258438913e-10 -1.2562251563086179e-08 1 0 0 0 1 0 0 0 1 -0.0100361709414887 2.2284767903379724e-18 -2.2492057625734604e-18 0 -3.5809090593411105e-19 0 
1 -0.121 -1.218180697837851e-18 -0.080000000000000002 1 0 0 0 1 0 0 0 1 0 0 0 0 0 0 
2 -0.083842231046892812 0.0042300551714995324 -0.033286712968750361 0.99358209980974177 -0.11311326594621719 -2.1551635929526302e-06 0.11311326596669044 0.99358209964819455 1.7917423646605448e-05 1.1463366176169836e-07 -1.8046209002666339e-05 0.99999999983716059 -0.0050472725754678038 0.04433659796920638 -5.4489840161781313e-16 -4.4408920985006262e-16 -5.8286708792820718e-15 1.1931996309918211 
3 0.088493296664450424 0.0039589973575270988 -0.0050003603072054951 0.99960006415007163 0.028279175138475384 -2.1587315604161933e-06 -0.028279175095338293 0.99960006399304002 1.7917520077619376e-05 2.6645608942579695e-06 -1.7849307071217684e-05 0.99999999983715127 -0.010621638427069152 0.041493062841666657 3.7226048248819717e-06 3.2105134159802738e-06 -2.6691508670411909e-05 -0.29649751363791027 
4 0.27401812951284815 2.0299346260859279e-10 -1.2562251563110647e-08 1 0 0 0 1 0 0 0 1 -0.011795580298963201 2.6191439130532243e-18 -2.6340890295492412e-18 0 -1.9533407602887958e-19 0 
1 -0.121 -1.218180697837851e-18 -0.080000000000000002 1 0 0 0 1 0 0 0 1 0 0 0 0 0 0 
2 -0.083896816857362527 0.0046847601592779108 -0.033286712968750368 0.99212242744721857 -0.1252720597364014 -2.3744132177432528e-06 0.12527205975885133 0.99212242728593414 1.7889688709154198e-05 1.1463045232845149e-07 -1.80462090229065e-05 0.99999999983716059 -0.0058840407376902163 0.046601566236183264 -1.2374734921698961e-16 -4.3576253716537394e-15 -1.3322676295501878e-15 1.2559997758633454 
3 0.088378433734947331 0.0043845397470409298 -0.0050003221516888054 0.99950944729221269 0.03131876063896169 -2.377980623179037e-06 -0.031318760591517815 0.9995094471364272 1.7889796261463782e-05 2.9371003449673919e-06 -1.7806544967637344e-05 0.99999999983715016 -0.012380595507232681 0.043612763336871016 3.9080739482475291e-06 3.7222843108238488e-06 -2.8045153887757118e-05 -0.31167252564950282 
4 0.27389057935108019 2.0299346263691461e-10 -1.2562251563139043e-08 1 0 0 0 1 0 0 0 1 -0.013747260880556906 3.0525039897509963e-18 -3.047557603974288e-18 0 3.5697912167774715e-19 0 
1 -0.121 -1.218180697837851e-18 -0.080000000000000002 1 0 0 0 1 0 0 0 1 0 0 0 0 0 0 
2 -0.083960201746817717 0.0051620255551463245 -0.033286712968750368 0.99042747744806092 -0.13803409690756577 -2.6045219990144585e-06 0.13803409693209012 0.99042747728707881 1.7857638852977882e-05 1.1462710105032951e-07 -1.8046209044407089e-05 0.99999999983716059 -0.0068077732898048724 0.048848245352050575 1.1496685012949174e-15 -1.174060848541103e-14 1.5876189252139739e-14 1.318801144117786 
3 0.088245077682753137 0.0048311955897806817 -0.0050002821548441757 0.99940438168647217 0.034509156162940161 -2.6080892640094034e-06 -0.03450915611100816 0.99940438153212363 1.7857757560448483e-05 3.2227919822513314e-06 -1.7757118193443794e-05 0.99999999983714916 -0.014321670849694533 0.045715347096796623 4.090806795384431e-06 4.2859160112531947e-06 -2.9385428768173138e-05 -0.32673266236118709 
4 0.27374251273845446 2.0299346266979198e-10 -1.256225156317164e-08 1 0 0 0 1 0 0 0 1 -0.015900404263916614 3.5305989165510733e-18 -3.4729809222041807e-18 0 1.3498707015698053e-18 0 
1 -0.121 -1.218180697837851e-18 -0.080000000000000002 1 0 0 0 1 0 0 0 1 0 0 0 0 0 0 
2 -0.08403327329720689 0.0056616510003015125 -0.033286712968750361 0.98847349059863099 -0.15139405000085704 -2.8453910818128747e-06 0.15139405002755266 0.98847349043799471 1.782084593500313e-05 1.1462361375928005e-07 -1.8046209066580897e-05 0.99999999983716059 -0.0078220957458408919 0.051073177940672232 4.407449679165e-16 -2.7755575615628914e-16 4.9960036108132044e-15 1.3815996146593794 
3 0.088091372255519246 0.0052987773712432846 -0.0050002403464911018 0.99928346903890797 0.037849022410746773 -2.8489578550474036e-06 -0.037849022354155361 0.99928346888620523 1.7820976754760233e-05 3.5214230366746897e-06 -1.7700377203616811e-05 0.99999999983714805 -0.016451982421929259 0.047797578459327715 4.2703156556139593e-06 4.9032971197253113e-06 -3.070984871587348e-05 -0.34165593726573901 
4 0.27357187848248676 2.0299346270768037e-10 -1.2562251563209272e-08 1 0 0 0 1 0 0 0 1 -0.01826246044026867 4.0550808412309169e-18 -4.0386337465977896e-18 0 5.4345267918828477e-19 0 
1 -0.121 -1.218180697837851e-18 -0.080000000000000002 1 0 0 0 1 0 0 0 1 0 0 0 0 0 0 
2 -0.084116959853773349 0.0061834080602326657 -0.033286712968750361 0.98623565486125719 -0.165345798467323 -3.0969071799851661e-06 0.16534579849628561 0.98623565470101404 1.777886290415774e-05 1.1461999747191101e-07 -1.8046209089514043e-05 0.99999999983716059 -0.0089313425059549187 0.053273896590838157 1.8657687019535269e-16 1.226796442210798e-14 -7.2164496600635175e-16 1.4444002573339803 
3 0.087915377643040526 0.0057870713015808163 -0.0050001967605577012 0.99914526785856517 0.041336832319653308 -3.1004733790403932e-06 -0.041336832258242633 0.99914526770773471 1.7779006344054588e-05 3.8327511083762555e-06 -1.7635646307899014e-05 0.99999999983714694 -0.018780594512896199 0.049857148231951351 4.446228814349238e-06 5.5770199289704113e-06 -3.2016676319718274e-05 -0.35642697846376448 
4 0.27337653457255245 2.0299346275105545e-10 -1.2562251563252615e-08 1 0 0 0 1 0 0 0 1 -0.020843445187065306 4.6281762439100649e-18 -4.6436717281070134e-18 0 -5.3264302707231263e-19 0 
1 -0.121 -1.218180697837851e-18 -0.080000000000000002 1 0 0 0 1 0 0 0 1 0 0 0 0 0 0 
2 -0.084212228101135961 0.0067270353280464738 -0.033286712968750361 0.98368813383596942 -0.17988233748488308 -3.3589409327735304e-06 0.17988233751620733 0.98368813367617125 1.7731224324623957e-05 1.1461625930631669e-07 -1.8046209113082461e-05 0.99999999983716059 -0.01013893682987913 0.055446484069216609 1.1782195161696658e-16 8.4932061383824475e-15 -2.7755575615628914e-15 1.5071996294435097 
3 0.087715077124759733 0.006295832732986369 -0.0050001514356967907 0.99898830007345829 0.044970838384842213 -3.3625068204170178e-06 -0.04497083831846542 0.99898829992474525 1.7731380410967318e-05 4.1565000148155252e-06 -1.756222682414235e-05 0.99999999983714583 -0.021314073257168695 0.051890390389320105 4.6180020393560647e-06 6.3087845113917026e-06 -3.3303131420940688e-05 -0.37102081062697856 
4 0.27315425693790818 2.0299346280041104e-10 -1.2562251563302203e-08 1 0 0 0 1 0 0 0 1 -0.023650083401180865 5.2513747770902955e-18 -5.2567125868093809e-18 0 -5.591179396017006e-19 0 
1 -0.121 -1.218180697837851e-18 -0.080000000000000002 1 0 0 0 1 0 0 0 1 0 0 0 0 0 0 
2 -0.084320079975697126 0.0072922329979602536 -0.033286712968750361 0.98080410100583304 -0.19499568055973213 -3.6313451529038826e-06 0.19499568059351116 0.98080410084653569 1.7677447005158478e-05 1.146124082278428e-07 -1.8046209137533154e-05 0.9999999998371607 -0.011448777216789642 0.057587448651862536 -2.8253478112470759e-16 -2.0539125955565396e-15 -4.9960036108132044e-16 1.5699997952530398 
3 0.087488385525238369 0.0068247810812326701 -0.0050001044159383203 0.99881105893545841 0.04874903624704529 -3.634910270780055e-06 -0.048749036175570186 0.99881105878912591 1.7677617027109037e-05 4.4923553693772182e-06 -1.7479401010017056e-05 0.9999999998371446 -0.02406028432069194 0.053894037122664176 4.7851284357181519e-06 7.1007606982006886e-06 -3.4566740586299514e-05 -0.38541543033929643 
4 0.2729027505794232 2.0299346285625664e-10 -1.2562251563358034e-08 1 0 0 0 1 0 0 0 1 -0.026690809516412735 5.9265500242269795e-18 -5.914464253615897e-18 0 -5.1751446809159346e-19 0 
1 -0.121 -1.218180697837851e-18 -0.080000000000000002 1 0 0 0 1 0 0 0 1 0 0 0 0 0 0 
2 -0.084441556443136376 0.0078786655268295192 -0.033286712968750368 0.97755576670553135 -0.21067682113949235 -3.9139541353142741e-06 0.2106768211758179 0.97755576654679543 1.7617030489682699e-05 1.1460845349227881e-07 -1.8046209162872453e-05 0.99999999983716059 -0.012864454204945754 0.059692772065537719 -9.6178589015026454e-16 -2.9087843245179101e-14 2.6645352591003757e-15 1.6328012076895102 
3 0.08723313889685734 0.0073736023164802092 -0.0050000557505114583 0.99861201530808041 0.052669183276249948 -3.9175187158332149e-06 -0.052669183199560765 0.99861201516441056 1.7617214062781163e-05 4.8399655355520498e-06 -1.7386429128415825e-05 0.99999999983714338 -0.027026250418207002 0.055864327845811267 4.9470386046032815e-06 7.9548221184564674e-06 -3.5804668298783024e-05 -0.39958535849659138 
4 0.27261963600546651 2.0299346291912069e-10 -1.2562251563420567e-08 1 0 0 0 1 0 0 0 1 -0.02997294849082199 6.6553270123259812e-18 -6.594144013205451e-18 0 2.6668462729894491e-19 0 
1 -0.121 -1.218180697837851e-18 -0.080000000000000002 1 0 0 0 1 0 0 0 1 0 0 0 0 0 0 
2 -0.084577729195162571 0.0084859518714486409 -0.033286712968750375 0.97391442750813639 -0.22691559636526445 -4.2065812053630053e-06 0.22691559640422648 0.97391442735002698 1.7549457963448425e-05 1.1460440605945814e-07 -1.8046209188587733e-05 0.99999999983716059 -0.014388714835612109 0.061757561347491489 -2.0681326375141934e-16 -5.7176485768195562e-15 -4.9960036108132044e-16 1.695599623203363 
3 0.086947117144402244 0.0079419398267556174 -0.0050000054947905463 0.99838962885204063 0.056728731547244213 -4.2101449948977559e-06 -0.056728731465243418 0.9983896287113333 1.754965636639997e-05 5.1989348430327376e-06 -1.7282558721285622e-05 0.99999999983714205 -0.030216702442172835 0.057796683386128478 5.103089111309025e-06 8.872035549387997e-06 -3.7013530655372745e-05 -0.41349905026677969 
4 0.27230247893950676 2.0299346298954372e-10 -1.2562251563490826e-08 1 0 0 0 1 0 0 0 1 -0.033500820448539317 7.4386756753565046e-18 -7.4390535263925167e-18 0 -1.6506965713612439e-19 0 
1 -0.121 -1.218180697837851e-18 -0.080000000000000002 1 0 0 0 1 0 0 0 1 0 0 0 0 0 0 
2 -0.084729705434429509 0.0091136676131776725 -0.033286712968750368 0.96985050177290755 -0.24370064462472857 -4.5090179562699154e-06 0.24370064466641522 0.96985050161549435 1.7474196900156711e-05 1.1460027781402469e-07 -1.8046209214450993e-05 0.99999999983716059 -0.016025523808943992 0.063777715917609071 8.4498550197983969e-16 1.7097434579227411e-14 -2.55351295663786e-15 1.7584002950867201 
3 0.086628031047706555 0.0085293964062865234 -0.0049999537103197992 0.99814235624209413 0.060924844317543574 -4.51258085607663e-06 -0.060924844230153832 0.99814235610466728 1.7474410513642325e-05 5.5688238278816496e-06 -1.7167020998296133e-05 0.99999999983714072 -0.033639674469367414 0.059687266126909368 5.2526687761181102e-06 9.8546441687376426e-06 -3.8190408029942745e-05 -0.42713081480227127 
4 0.27194877332150069 2.0299346306808214e-10 -1.2562251563569607e-08 1 0 0 0 1 0 0 0 1 -0.037283072742263029 8.2785073041625945e-18 -8.3335366474257305e-18 0 2.3579617182642299e-19 0 
1 -0.121 -1.218180697837851e-18 -0.080000000000000002 1 0 0 0 1 0 0 0 1 0 0 0 0 0 0 
2 -0.084898622921437419 0.0097613393628130877 -0.033286712968750361 0.96533358290220994 -0.26101929755851355 -4.8210323069963591e-06 0.26101929760301068 0.96533358274556791 1.7390700035831119e-05 1.1459608204147127e-07 -1.8046209241260054e-05 0.99999999983716059 -0.017777274122010491 0.065747795707546103 5.269415621784423e-16 1.0880185641326534e-14 5.5511151231257827e-17 1.8211996319757875 
3 0.086273535686522157 0.0091355290192440715 -0.0049999004653027241 0.99786866311458144 0.065254357330688489 -4.824594359148035e-06 -0.065254357237854693 0.99786866298077026 1.7390928617228135e-05 5.949145392888717e-06 -1.7039036885754973e-05 0.9999999998371395 -0.03729894629695242 0.061530984880478305 5.3950808269718999e-06 1.0903395532201108e-05 -3.9331593416036884e-05 -0.44044540390430986 
4 0.27155595888669593 2.0299346315530448e-10 -1.2562251563657482e-08 1 0 0 0 1 0 0 0 1 -0.041322785987967917 9.175502886363741e-18 -9.2167086281846132e-18 0 2.7591854640797627e-19 0 
1 -0.121 -1.218180697837851e-18 -0.080000000000000002 1 0 0 0 1 0 0 0 1 0 0 0 0 0 0 
2 -0.085085645478949173 0.01042843986534836 -0.033286712968750347 0.96033249867265469 -0.27885747608176431 -5.1423666315212707e-06 0.27885747612915551 0.96033249851686397 1.7298406448961286e-05 1.1459183294471252e-07 -1.8046209268382963e-05 0.99999999983716059 -0.019647141428083086 0.067662627060654554 -1.7847702818574087e-16 -3.5527136788005009e-15 4.4408920985006262e-16 1.88399981768764 
3 0.085881242588285236 0.0097598442184853619 -0.0049998458349998012 0.99756703722562723 0.069713744802609626 -5.14592766006857e-06 -0.069713744704300931 0.99756703709578343 1.729865158283422e-05 6.3393615908388045e-06 -1.6897822720325519e-05 0.99999999983713805 -0.041200401583867854 0.063322997779743664 5.5296023758746134e-06 1.2019782762181185e-05 -4.0433465851115805e-05 -0.45340988110805264 
4 0.27112143704657565 2.0299346325178776e-10 -1.2562251563754239e-08 1 0 0 0 1 0 0 0 1 -0.045625783599843657 1.0130958715041171e-17 -1.0136241368162616e-17 0 6.5624524350746432e-20 0 
1 -0.121 -1.218180697837851e-18 -0.080000000000000002 1 0 0 0 1 0 0 0 1 0 0 0 0 0 0 
2 -0.085291968266971233 0.011114388745343836 -0.033286712968750368 0.95481536148022961 -0.29719963904996194 -5.4727368392457061e-06 0.29719963910032832 0.95481536132537526 1.7196742474205885e-05 1.1458754643394267e-07 -1.8046209295306207e-05 0.99999999983716059 -0.02163775864978125 0.069516500237915835 -2.1250952645344181e-15 -4.1688874574674628e-14 2.0539125955565396e-15 1.9468012625140427 
3 0.085448705599357883 0.010401798843086098 -0.0049997899020909646 0.99723599986179634 0.074299128862009484 -5.4762966753911423e-06 -0.074299128758221505 0.99723599973628718 1.7197003266700822e-05 6.7388825516891942e-06 -1.6742586675491865e-05 0.99999999983713661 -0.045348459413830478 0.065057961260017672 5.6554719239948921e-06 1.3204791793390352e-05 -4.1492094581749295e-05 -0.46598752942650717 
4 0.27064255250469799 2.0299346335812144e-10 -1.2562251563860191e-08 1 0 0 0 1 0 0 0 1 -0.050195975694254498 1.1145740780203485e-17 -1.1050895849402807e-17 0 -7.1458202094654192e-19 0 
1 -0.121 -1.218180697837851e-18 -0.080000000000000002 1 0 0 0 1 0 0 0 1 0 0 0 0 0 0 
2 -0.085518804684380001 0.011818544234647765 -0.033286712968750375 0.94874965031460323 -0.31602863951569415 -5.8118297906406786e-06 0.31602863956911376 0.94874965016077539 1.7085123199261885e-05 1.1458324004355857e-07 -1.8046209323025052e-05 0.99999999983716059 -0.023750454722419375 0.071302988335073911 -2.9964284954099887e-16 -1.4099832412739488e-14 3.3306690738754696e-16 2.0095996372128515 
3 0.084973455888920815 0.01106079227668239 -0.0049997327567509395 0.99687412326023128 0.079006217099203011 -5.8153885049532171e-06 -0.07900621698995991 0.99687412313943846 1.7085401320033998e-05 7.1470632425080241e-06 -1.6572542615354836e-05 0.99999999983713517 -0.049744073860155252 0.066729860594608018 5.7719443748840076e-06 1.4458217670798286e-05 -4.2503287708219387e-05 -0.47813595594425667 
4 0.27011663874774311 2.0299346347489773e-10 -1.2562251563976643e-08 1 0 0 0 1 0 0 0 1 -0.05503278308942329 1.2219731767262467e-17 -1.2193367613378029e-17 0 1.3975383430370932e-19 0 
1 -0.121 -1.218180697837851e-18 -0.080000000000000002 1 0 0 0 1 0 0 0 1 0 0 0 0 0 0 
2 -0.085767394022490701 0.012540203548159247 -0.033286712968750368 0.94210227141025848 -0.33532567776073263 -6.1593024548854767e-06 0.33532567781728045 0.94210227125755275 1.6962953560986338e-05 1.1457893244825148e-07 -1.8046209350198069e-05 0.99999999983716059 -0.025988399143052961 0.073016068971637815 1.0025798361053129e-15 6.2172489379008766e-15 -4.2188474935755949e-15 2.0724003305753458 
3 0.08445298173746342 0.011736166799086005 -0.0049996744973922523 0.99648004425162984 0.083830312955927633 -6.1628598535505086e-06 -0.08383031284128431 0.99648004413594782 1.6963249168743567e-05 7.5632013454348235e-06 -1.6386904812800885e-05 0.99999999983713361 -0.054393066046150594 0.068333059625049167 5.8781475512961116e-06 1.5781540800473932e-05 -4.3462759337680595e-05 -0.48981703574598318 
4 0.26954099194792153 2.0299346360271699e-10 -1.2562251564104328e-08 1 0 0 0 1 0 0 0 1 -0.060141915661779795 1.3354189712481953e-17 -1.3361838920692854e-17 0 7.0557730508858027e-19 0 
1 -0.121 -1.218180697837851e-18 -0.080000000000000002 1 0 0 0 1 0 0 0 1 0 0 0 0 0 0 
2 -0.086038992734922146 0.013278597603068093 -0.033286712968750361 0.93483964634720951 -0.35507018401293861 -6.5147798048496315e-06 0.3550701840726862 0.93483964619572713 1.6829629952576737e-05 1.1457464367761382e-07 -1.8046209377522217e-05 0.99999999983716059 -0.028352355774085087 0.074648734902669517 6.4135845854927495e-16 8.1601392309949006e-15 8.3266726846886741e-16 2.1351996410207024 
3 0.083884751649792741 0.01242720264425797 -0.0049996152306120605 0.99605248266884172 0.088766275841380082 -6.5183356140237598e-06 -0.088766275721424315 0.99605248255867584 1.6829942552360266e-05 7.9865356934963887e-06 -1.6184897686093211e-05 0.99999999983713217 -0.059294911922075429 0.069861000507364615 5.9733059938994085e-06 1.7174071235505893e-05 -4.436603427233031e-05 -0.50098418306629788 
4 0.26891290084845892 2.0299346374218127e-10 -1.2562251564243951e-08 1 0 0 0 1 0 0 0 1 -0.065520895655329425 1.4548562489906901e-17 -1.455073792830703e-17 0 3.1151959854028486e-19 0 
1 -0.121 -1.218180697837851e-18 -0.080000000000000002 1 0 0 0 1 0 0 0 1 0 0 0 0 0 0 
2 -0.086334868663637168 0.014032886996344375 -0.033286712968750354 0.92692780493354543 -0.37523971590674443 -6.8778529766671371e-06 0.3752397159697598 0.92692780478339309 1.6684541908058176e-05 1.1457039567107287e-07 -1.8046209404604455e-05 0.99999999983716059 -0.030844237338299 0.076193954063299221 8.3846369543257015e-17 6.1617377866696188e-15 4.5519144009631418e-15 2.1979998438139985 
3 0.083266229577112105 0.013133114235816116 -0.0049995550712256236 0.99559026049428445 0.093808491948059208 -6.8814074903038033e-06 -0.093808491822913745 0.99559026039004883 1.6684873282500517e-05 8.4162450760974338e-06 -1.5965762879354513e-05 0.99999999983713062 -0.064452068686598932 0.071307102162195657 6.0565053743240915e-06 1.863613475031555e-05 -4.5208314069608568e-05 -0.51159184060559193 
