1 0.051296215921961506 0.017908175538920625 0.021903828027305762 1 0 0 0 1 0 0 0 1 -0 -0 -0 0 0 0 
2 0.03197700130233818 0.023348481053759158 0.033459363462841819 0.18859159804738232 0.072683406839210901 0.97936220649776984 0.98205560389719937 -0.0139581537729766 -0.18807434912118373 2.0384454274546826e-07 0.99725738518874629 -0.074011537522623849 -0 -0 0 0 0 0 
3 0.030311648920884133 0.023661272694209264 0.033596338645152816 0.18428127207711273 0.079916970881617741 0.97961915585943282 0.98286567469720321 -0.010994158208274984 -0.18399509229135097 -0.0039342424496331407 0.99674089223348206 -0.080573664965355909 -0 -0 0 0 0 0 
4 0.040726839049522977 0.018584597869839591 0.038434486127546866 0.99936904849666408 -0.017023028062887722 0.031172446526415633 0.017123628139482816 0.9998489893461876 -0.002963083317740086 -0.031117298504414182 0.0034949991383825029 0.9995096291256077 0 0 0 0 0 0 
5 0.05676136321457307 0.018693405463590929 0.031420850455458796 0.18461799275467383 0.079135995535862105 0.97961915608147598 0.9828103148630366 -0.015155435850250643 -0.18399510255169219 0.0002859196635182637 0.99674861774408141 -0.080573638835595998 0 0 0 0 0 0 
6 0.050962738971170977 0.020119762384506006 0.038485124151653165 0.99999992280346228 5.6190500070300965e-06 -0.00039288865587404261 -5.7072565502181175e-06 0.99999997478202207 -0.00022450697669655566 0.00039288738445025616 0.00022450920168174909 0.99999989761755559 0 -0 -0 0 -0 0 
7 0.045164119990832877 0.021546132532298146 0.045549399426557689 -0.70583025878459993 0.0025347328538561499 -0.70837646835099233 -0.70838086479638362 -0.0031508520633427664 0.70582336495868603 -0.00044291578474710573 0.99999182359689032 0.0040195229783036406 -0 -0 0 0 0 0 
8 0.051297778748946365 0.013432037198902251 0.043344933501667862 0.81871104628552416 -0.48232158727292673 -0.31157360148219676 -0.56715684002263211 -0.76402046537167467 -0.30758063545807285 -0.089695827693403535 0.42853076312415878 -0.89906398190041026 -0 -0 -0 0 0 0 
9 0.079846047071225348 0.025992876440878838 0.089769451791093469 0.94280001759475207 0.32532471433222038 -0.072745838836282661 -0.31403192397785057 0.93995844994908173 0.13364902952168803 0.11185739826271961 -0.10315979165342852 0.98835518910962195 0 0 0 0 0 0 
10 0.054225048887019851 0.013879886434591603 0.046396131119926652 0.9998711348523025 -0.001927353946500332 0.015937345950115065 0.0017633018100479975 0.99994538632666707 0.010301219866567882 -0.015956329649873147 -0.010271790047387114 0.99981992672347109 -0 -0 -0 0 0 0 
1 0.051296215921961506 0.017908175538920625 0.021903828027305762 1 0 0 0 1 0 0 0 1 0 0 0 0 0 0 
2 0.03197700130233818 0.023348481053759158 0.033459363462841819 0.1885915980473821 0.072683406839210818 0.97936220649776984 0.98205560389719937 -0.0139581537729766 -0.18807434912118354 2.0384454274546826e-07 0.99725738518874629 -0.07401153752262378 -1.9259022789360806e-17 -2.2734915838296005e-15 -4.686858871100324e-17 -1.1446856218827398e-14 -1.6326265852241167e-15 1.154482406968041e-14 
3 0.030311648920884133 0.023661272694209264 0.033596338645152816 0.18428127207711273 0.079916970881617727 0.97961915585943282 0.98286567469720321 -0.01099415820827504 -0.18399509229135097 -0.0039342424496330297 0.99674089223348206 -0.080573664965355909 -8.4047724739364918e-24 -2.0770998980985291e-15 -1.9611336956078078e-23 9.5139130284363257e-14 -3.599307759201469e-14 2.5592240368165447e-14 
4 0.040726839049522977 0.018584597869839591 0.038434486127546866 0.99936904849666408 -0.017023028062887666 0.031172446526415296 0.017123628139482761 0.9998489893461876 -0.0029630833177400301 -0.031117298504413846 0.0034949991383824396 0.9995096291256077 -4.5575878523920546e-17 -2.0770998619382204e-15 0 3.1492855479314256e-14 -1.9404705632896842e-13 -2.2578672875052765e-15 
5 0.05676136321457307 0.018693405463590929 0.031420850455458796 0.18461799275467386 0.079135995535862078 0.97961915608147598 0.98281031486303672 -0.015155435850250865 -0.18399510255169219 0.00028591966351843023 0.99674861774408141 -0.080573638835595998 2.2686679785958249e-24 -2.0770998492450193e-15 -1.4031414073689587e-24 2.2670024203490615e-13 -4.3876261327205912e-14 -3.0376579380295557e-14 
6 0.050962738971170977 0.020119762384506006 0.038485124151653165 0.99999992280346228 5.6190500070856076e-06 -0.00039288865587404261 -5.7072565502737379e-06 0.99999997478202207 -0.00022450697669683321 0.00039288738445025616 0.00022450920168202664 0.99999989761755559 -4.1541997238764408e-15 -2.0770998619382204e-15 4.1541997238764408e-15 2.0684665504947526e-13 -1.0865420763326533e-13 -5.2131453230372115e-14 
7 0.04516411999083287 0.021546132532298146 0.045549399426557696 -0.70583025878459971 0.0025347328538567761 -0.70837646835099244 -0.70838086479638374 -0.0031508520633430248 0.70582336495868581 -0.00044291578474684725 0.99999182359689032 0.0040195229783042659 -8.3083996328944387e-15 -2.0771000512043162e-15 8.3084000544184421e-15 4.7728936958374688e-13 2.997574194768007e-13 2.3917628269511035e-13 
8 0.051297778748946372 0.013432037198902251 0.043344933501667862 0.81871104628552405 -0.48232158727292695 -0.3115736014821967 -0.56715684002263234 -0.7640204653716749 -0.30758063545807246 -0.089695827693403618 0.4285307631241585 -0.89906398190041048 4.1086239622505359e-15 -1.1394315352519798e-17 7.7764118366194363e-23 2.9958131273342606e-13 6.978885634870424e-14 -1.4007681048971783e-13 
9 0.079846047071225376 0.02599287644087879 0.089769451791093482 0.94280001759475152 0.3253247143322221 -0.072745838836282786 -0.31403192397785223 0.93995844994908118 0.13364902952168825 0.11185739826271998 -0.10315979165342849 0.98835518910962183 1.6525647138457933e-14 -3.9214230044944637e-14 8.2172476907050432e-15 -1.4397850630421982e-13 -2.8172625364691947e-13 -1.4541633619070517e-12 
10 0.054225048887019844 0.013879886434591602 0.046396131119926652 0.9998711348523025 -0.0019273539465006094 0.01593734595011528 0.0017633018100482788 0.99994538632666707 0.010301219866567493 -0.015956329649873365 -0.010271790047386721 0.99981992672347109 -8.3083994477528816e-15 -2.0770998619382204e-15 4.1541997238764408e-15 4.5912420724322538e-13 2.564059994470565e-13 2.7651710756429226e-13 
1 0.051296215921961506 0.017908175538920625 0.021903828027305762 1 0 0 0 1 0 0 0 1 0 0 0 0 0 0 
2 0.031977001302338187 0.02334848105375922 0.033459363462841826 0.18859159804738257 0.072683406839210915 0.97936220649776973 0.98205560389719948 -0.013958153772976767 -0.18807434912118398 2.0384454291200171e-07 0.99725738518874651 -0.074011537522623891 -6.179297920915757e-17 -8.2810461645821031e-15 -3.8016022969419709e-16 -3.6727478651251509e-14 -5.2383166965669161e-15 3.7041810558801368e-14 
3 0.030311648920884136 0.023661272694209323 0.033596338645152816 0.18428127207711328 0.079916970881618671 0.97961915585943271 0.9828656746972031 -0.010994158208272264 -0.18399509229135175 -0.0039342424496360273 0.99674089223348206 -0.080573664965356312 -1.1489071668761916e-16 -7.6509193190466231e-15 -6.1534387008758168e-23 3.5699543210087621e-13 -1.2391878466767343e-13 8.1450582109042847e-14 
4 0.040726839049523005 0.01858459786983965 0.038434486127546866 0.99936904849666397 -0.017023028062887569 0.031172446526420042 0.017123628139482636 0.9998489893461876 -0.0029630833177387004 -0.031117298504418616 0.0034949991383811875 0.99950962912560759 -2.3490138555672012e-15 -7.7658098882424462e-15 0 1.415011929107188e-13 -6.4247750399098881e-13 1.1528704476293107e-14 
5 0.056761363214573077 0.018693405463590988 0.031420850455458796 0.18461799275467308 0.07913599553586341 0.97961915608147598 0.98281031486303672 -0.015155435850244481 -0.18399510255169191 0.00028591966351193543 0.99674861774408141 -0.080573638835596123 -2.297813683315092e-16 -7.6509191433915018e-15 -7.2027445809031299e-24 8.1590501834579157e-13 -1.5990225952078927e-13 -1.1862631057871491e-13 
6 0.050962738971171095 0.020119762384506065 0.038485124151653047 0.99999992280346228 5.6190500061696897e-06 -0.00039288865587010241 -5.7072565493548418e-06 0.99999997478202207 -0.00022450697669150477 0.00039288738444631617 0.00022450920167669782 0.99999989761755559 -1.5531619776484892e-14 -7.7658098882424462e-15 1.5531619776484892e-14 7.1992018722184712e-13 -4.5366069558822181e-13 -1.6239110751114131e-13 
7 0.045164119990833113 0.021546132532298205 0.045549399426557453 -0.70583025878460459 0.0025347328538489573 -0.70837646835098755 -0.70838086479637896 -0.00315085206332937 0.7058233649586908 -0.00044291578474266527 0.99999182359689043 0.0040195229782890923 -3.1063240246760765e-14 -7.7658105969280018e-15 3.0833460349547178e-14 1.7674290820563476e-12 1.0183472879020246e-12 8.9568056032191753e-13 
8 0.051297778748946268 0.013432037198902258 0.043344933501667862 0.81871104628552649 -0.48232158727292485 -0.31157360148219371 -0.56715684002262978 -0.76402046537167312 -0.30758063545808118 -0.089695827693397262 0.42853076312416388 -0.89906398190040848 1.3182606372847328e-14 -4.7236399094037359e-16 2.5944302409067381e-22 1.0515669695673774e-12 2.8424712600102696e-13 -4.9932422182973352e-13 
9 0.079846047071224932 0.025992876440879803 0.089769451791093274 0.94280001759476273 0.32532471433218979 -0.072745838836281551 -0.3140319239778207 0.93995844994909228 0.13364902952168373 0.11185739826271385 -0.10315979165342841 0.98835518910962261 5.7428451394805139e-14 -1.3440103029277735e-13 2.6365211841835392e-14 -3.7911151737153916e-13 -8.4899033268033582e-13 -4.7125255254081738e-12 
10 0.054225048887020087 0.013879886434591662 0.046396131119926534 0.99987113485230261 -0.0019273539464927836 0.015937345950107984 0.0017633018100403331 0.99994538632666696 0.010301219866579682 -0.01595632964986601 -0.010271790047399048 0.99981992672347109 -3.0833458174760258e-14 -7.7083645436900646e-15 1.5531619776484892e-14 1.6208085397641612e-12 9.3974657464371533e-13 9.9807794182452442e-13 
1 0.051296215921961506 0.017908175538920625 0.021903828027305762 1 0 0 0 1 0 0 0 1 0 0 0 0 0 0 
2 0.03197700130233818 0.023348481053759192 0.033459363462841812 0.18859159804738232 0.07268340683921086 0.97936220649776984 0.98205560389719948 -0.013958153772976822 -0.18807434912118373 2.0384454291200171e-07 0.9972573851887464 -0.074011537522623849 3.2737976721873857e-18 3.7918043438565939e-16 -2.3662580083085175e-16 1.9458251673996036e-15 2.7752649616316997e-16 -1.9624785005193385e-15 
3 0.030311648920884129 0.023661272694209295 0.033596338645152816 0.18428127207711298 0.079916970881618268 0.97961915585943282 0.98286567469720321 -0.010994158208273153 -0.18399509229135136 -0.0039342424496349726 0.99674089223348206 -0.08057366496535609 -1.2229644166403992e-16 3.4579625521760925e-16 5.5931232466908098e-24 -2.4829179057957339e-14 9.8323595022119301e-15 -2.4954325324259977e-15 
4 0.040726839049522998 0.018584597869839625 0.038434486127546866 0.99936904849666408 -0.017023028062887451 0.031172446526418037 0.017123628139482528 0.9998489893461876 -0.0029630833177392551 -0.0311172985044166 0.003494999138381704 0.9995096291256077 -2.5141604903027653e-16 2.2349980726122859e-16 0 -1.6395542929043933e-14 2.4399622043191836e-14 -2.2914945997495265e-15 
5 0.056761363214573063 0.018693405463590961 0.031420850455458796 0.18461799275467333 0.079135995535862813 0.97961915608147598 0.98281031486303672 -0.015155435850247312 -0.18399510255169194 0.00028591966351487752 0.99674861774408141 -0.080573638835596068 -2.4459288592619988e-16 3.4579624977016932e-16 3.2502043467551234e-24 -2.3337236566243705e-14 7.3869660930987349e-15 2.4160936293858106e-15 
6 0.050962738971171047 0.020119762384506041 0.038485124151653095 0.99999992280346228 5.6190500065166268e-06 -0.0003928886558714897 -5.7072565497030342e-06 0.99999997478202207 -0.00022450697669390535 0.00039288738444770335 0.00022450920167909857 0.99999989761755559 4.4699961452245717e-16 2.2349980726122859e-16 -4.4699961452245717e-16 -1.7377726440727099e-14 2.1547818239302766e-14 4.8044935641778581e-15 
7 0.045164119990833008 0.02154613253229818 0.045549399426557557 -0.7058302587846027 0.0025347328538523981 -0.70837646835098944 -0.70838086479638085 -0.0031508520633350065 0.70582336495868891 -0.00044291578474423953 0.99999182359689054 0.0040195229782955064 8.9399926085443641e-16 2.2349983969281565e-16 -1.1385922041666093e-15 -6.6000002673854006e-14 -4.8018201075302979e-14 -4.1073491914190334e-14 
8 0.051297778748946324 0.013432037198902257 0.043344933501667862 0.81871104628552549 -0.48232158727292584 -0.31157360148219493 -0.56715684002263089 -0.76402046537167378 -0.30758063545807746 -0.089695827693399927 0.42853076312416155 -0.89906398190040937 -6.9841567666561463e-16 5.9442484712759197e-17 -1.390374824442374e-23 -4.789954482294336e-14 -6.8866443134470487e-15 1.846591509921063e-14 
9 0.079846047071225126 0.025992876440879359 0.089769451791093385 0.9428000175947574 0.32532471433220489 -0.072745838836282301 -0.31403192397783536 0.93995844994908706 0.13364902952168617 0.11185739826271698 -0.10315979165342873 0.98835518910962217 -2.2908305561504322e-15 5.8738774937225261e-15 -1.3968313271054674e-15 2.1959368576012124e-14 4.5322944852720587e-14 2.1993134501833982e-13 
10 0.054225048887019983 0.013879886434591636 0.046396131119926583 0.99987113485230261 -0.0019273539464960581 0.015937345950111058 0.0017633018100436599 0.99994538632666696 0.010301219866574431 -0.015956329649869105 -0.010271790047393739 0.99981992672347109 1.1385921151375338e-15 2.8464802878438345e-16 -4.4699961452245717e-16 -6.7461763819723342e-14 -3.5324763814953952e-14 -4.3706255849101312e-14 
1 0.051296215921961506 0.017908175538920625 0.021903828027305762 1 0 0 0 1 0 0 0 1 0 0 0 0 0 0 
2 0.03197700130233818 0.023348481053759175 0.033459363462841812 0.18859159804738232 0.072683406839210873 0.97936220649776984 0.98205560389719948 -0.013958153772976767 -0.18807434912118373 2.0384454291200171e-07 0.9972573851887464 -0.074011537522623849 -3.7354770273795178e-17 -5.8749997130618258e-15 -7.2681649437823284e-16 -2.2202304295920735e-14 -3.1666399536963014e-15 2.2392322585158823e-14 
3 0.030311648920884129 0.023661272694209281 0.033596338645152816 0.18428127207711281 0.079916970881618116 0.97961915585943282 0.98286567469720332 -0.010994158208273763 -0.18399509229135114 -0.003934242449634362 0.99674089223348217 -0.080573664965356048 -3.1795514402837672e-16 -5.4940787159288093e-15 -3.3247006220364047e-23 2.5042248980274156e-13 -7.7760235620662056e-14 5.0910044782648309e-14 
4 0.040726839049522984 0.018584597869839604 0.038434486127546866 0.99936904849666408 -0.017023028062887559 0.031172446526416972 0.017123628139482639 0.9998489893461876 -0.0029630833177395036 -0.031117298504415532 0.0034949991383819382 0.9995096291256077 -3.6549871903002124e-15 -5.812033765312968e-15 0 1.0742126511185566e-13 -4.1612868117438579e-13 2.0093187062687539e-14 
5 0.056761363214573063 0.018693405463590947 0.031420850455458796 0.18461799275467367 0.079135995535862536 0.97961915608147598 0.98281031486303683 -0.015155435850249033 -0.18399510255169213 0.00028591966351659837 0.99674861774408141 -0.080573638835596123 -6.3591024461442231e-16 -5.4940785897916143e-15 -3.0562797263761897e-24 5.8885392860099136e-13 -1.1342484349903387e-13 -9.3495633327168792e-14 
6 0.050962738971171005 0.02011976238450602 0.038485124151653137 0.99999992280346228 5.6190500069607135e-06 -0.00039288865587248879 -5.707256550147906e-06 0.99999997478202207 -0.00022450697669533468 0.00039288738444870233 0.00022450920168052806 0.99999989761755559 -1.1624067530625936e-14 -5.812033765312968e-15 1.1624067530625936e-14 5.0581525216354657e-13 -3.6209915119174876e-13 -9.8839077370304089e-14 
7 0.045164119990832946 0.02154613253229816 0.04554939942655762 -0.70583025878460137 0.0025347328538539607 -0.70837646835099077 -0.70838086479638218 -0.0031508520633385349 0.70582336495868758 -0.00044291578474564292 0.99999182359689043 0.0040195229782991043 -2.3248135567232185e-14 -5.8120342818413354e-15 2.2612226338566798e-14 1.2925958467566341e-12 6.6849185765448349e-13 6.52795486344023e-13 
8 0.051297778748946338 0.013432037198902255 0.043344933501667862 0.81871104628552482 -0.48232158727292612 -0.31157360148219604 -0.56715684002263156 -0.76402046537167434 -0.30758063545807535 -0.089695827693401897 0.4285307631241605 -0.8990639819004097 7.9690806887363249e-15 -5.957925050793886e-16 1.6466929510167109e-22 7.1813880110308848e-13 2.3046868649292151e-13 -3.5182759596106271e-13 
9 0.079846047071225223 0.025992876440879133 0.089769451791093413 0.94280001759475529 0.32532471433221094 -0.072745838836282328 -0.31403192397784135 0.93995844994908495 0.13364902952168675 0.11185739826271786 -0.10315979165342853 0.98835518910962206 3.9186295741903316e-14 -8.9690301740773772e-14 1.5938160680651447e-14 -1.5999358771700017e-13 -4.6844242058817501e-13 -2.922667986693993e-12 
10 0.054225048887019921 0.013879886434591621 0.046396131119926624 0.9998711348523025 -0.0019273539464977234 0.015937345950113074 0.0017633018100453501 0.99994538632666696 0.010301219866571587 -0.015956329649871131 -0.010271790047390865 0.99981992672347098 -2.2612224807730447e-14 -5.6530562019326117e-15 1.1624067530625936e-14 1.1214206454198681e-12 6.8017923443610302e-13 7.0402022643143463e-13 
1 0.051296215921961506 0.017908175538920625 0.021903828027305762 1 0 0 0 1 0 0 0 1 0 0 0 0 0 0 
2 0.03197700130233818 0.023348481053759414 0.033459363462841826 0.18859159804738324 0.072683406839210957 0.97936220649776962 0.98205560389719926 -0.01395815377297821 -0.18807434912118454 2.0384454424426934e-07 0.99725738518874629 -0.07401153752262421 -3.4799772277007901e-16 -5.0465812151108416e-14 -2.9983118379164602e-15 -2.0683707271113387e-13 -2.9500475699407635e-14 2.0860728656748591e-13 
3 0.030311648920884133 0.023661272694209503 0.033596338645152816 0.18428127207711506 0.079916970881621682 0.97961915585943216 0.98286567469720287 -0.01099415820826366 -0.18399509229135425 -0.0039342424496451311 0.99674089223348206 -0.0805736649653577 -1.0757139758172192e-15 -4.6917145147382201e-14 -3.4145301449480361e-22 2.2122658303770462e-12 -7.3106727143604455e-13 4.5588251381465748e-13 
4 0.04072683904952306 0.018584597869839826 0.038434486127546859 0.99936904849666364 -0.017023028062886955 0.031172446526434555 0.017123628139481952 0.99984898934618771 -0.0029630833177349612 -0.031117298504433195 0.0034949991383776764 0.99950962912560715 -2.1745618413745581e-14 -4.7992858275285656e-14 -2.3786602296931089e-17 9.5509534974300187e-13 -3.6940665815279412e-12 1.3851427465293309e-13 
5 0.05676136321457307 0.018693405463591169 0.031420850455458796 0.18461799275467028 0.079135995535867115 0.97961915608147621 0.98281031486303716 -0.015155435850225885 -0.1839951025516906 0.00028591966349317266 0.9967486177440813 -0.080573638835596331 -2.1514275705766896e-15 -4.6917144085277019e-14 -5.147294220566696e-23 4.93706836242401e-12 -9.7486444878841395e-13 -7.497766939509775e-13 
6 0.050962738971171449 0.020119762384506242 0.038485124151652693 0.99999992280346228 5.6190500025337483e-06 -0.00039288865585905845 -5.7072565457101014e-06 0.99999997478202207 -0.00022450697667542201 0.00039288738443527313 0.00022450920166061357 0.99999989761755559 -9.5985716550571311e-14 -4.8004751576433948e-14 9.5985716550571311e-14 4.2708656793696065e-12 -2.9630683108879458e-12 -8.9499269803808748e-13 
7 0.045164119990833827 0.021546132532298382 0.045549399426556739 -0.70583025878461958 0.0025347328538255017 -0.70837646835097279 -0.70838086479636408 -0.0031508520632884019 0.70582336495870601 -0.00044291578473011455 0.99999182359689076 0.0040195229782435697 -1.9197143739530565e-13 -4.8004755960907202e-14 1.8982001859574352e-13 1.086747643938323e-11 5.9530242930489344e-12 5.5417492957789493e-12 
8 0.05129777874894597 0.013432037198902272 0.043344933501667855 0.81871104628553348 -0.48232158727291913 -0.31157360148218433 -0.56715684002262279 -0.76402046537166823 -0.30758063545810654 -0.089695827693378111 0.42853076312417937 -0.89906398190040315 7.4240100979092682e-14 -4.3547513974235942e-15 -2.37851026504887e-17 6.2718932768386776e-12 1.8341093955438547e-12 -3.0046307659163471e-12 
9 0.079846047071223614 0.025992876440882887 0.089769451791092678 0.9428000175947987 0.32532471433208687 -0.072745838836276958 -0.31403192397772034 0.93995844994912825 0.13364902952166768 0.11185739826269317 -0.10315979165342683 0.98835518910962517 3.4040405617019965e-13 -7.9012387161977538e-13 1.4848019627365111e-13 -1.8153215695239808e-12 -4.5696361166201047e-12 -2.6721013176173201e-11 
10 0.054225048887020802 0.013879886434591841 0.04639613111992618 0.99987113485230306 -0.0019273539464693082 0.015937345950086512 0.0017633018100164828 0.99994538632666663 0.010301219866616872 -0.015956329649844364 -0.010271790047436656 0.99981992672347098 -1.8982000546494541e-13 -4.7455001366236354e-14 9.5985716550571311e-14 9.6992138850967092e-12 5.7449486499194481e-12 6.0504272495671371e-12 
1 0.051296215921961506 0.017908175538920625 0.021903828027305762 1 0 0 0 1 0 0 0 1 0 0 0 0 0 0 
2 0.03197700130233818 0.023348481053759026 0.033459363462841799 0.18859159804738165 0.072683406839210776 0.97936220649776995 0.98205560389719948 -0.013958153772975712 -0.18807434912118318 2.0384454196831214e-07 0.99725738518874629 -0.074011537522623572 -2.0985550059379857e-16 -3.0766246455363513e-14 -1.9559326370772989e-15 -1.2473040653725702e-13 -1.7789878181888986e-14 1.2579791097960158e-13 
3 0.030311648920884122 0.023661272694209139 0.033596338645152816 0.18428127207711159 0.079916970881616048 0.97961915585943327 0.98286567469720354 -0.01099415820828048 -0.18399509229134936 -0.0039342424496272566 0.99674089223348228 -0.080573664965355271 -7.2261516232060946e-16 -2.862626897507795e-14 -2.0482742535336556e-22 1.3497601304868778e-12 -4.4280670185254946e-13 2.7518844615004291e-13 
4 0.04072683904952288 0.018584597869839455 0.038434486127546866 0.99936904849666441 -0.017023028062888135 0.031172446526405641 0.01712362813948326 0.9998489893461876 -0.0029630833177422457 -0.031117298504404152 0.0034949991383845047 0.99950962912560803 -1.3928241647330624e-14 -2.9348883624153528e-14 3.8309038890739467e-17 5.8738487612944854e-13 -2.2370398805642152e-12 8.8381198537916726e-14 
5 0.056761363214573049 0.018693405463590804 0.031420850455458796 0.18461799275467597 0.079135995535859413 0.97961915608147576 0.98281031486303616 -0.015155435850264687 -0.18399510255169318 0.00028591966353241904 0.99674861774408152 -0.080573638835595943 -1.4452300933075567e-15 -2.8626268327102585e-14 -3.1094273772025363e-23 3.0101615261293849e-12 -5.9411378993819689e-13 -4.6020583904116474e-13 
6 0.050962738971170707 0.020119762384505867 0.038485124151653435 0.99999992280346228 5.6190500094309165e-06 -0.00039288865588236674 -5.7072565526255553e-06 0.99999997478202207 -0.00022450697670864178 0.00039288738445857969 0.00022450920169383618 0.99999989761755559 -5.8697767248307055e-14 -2.9329729104708062e-14 5.8697767248307055e-14 2.5981294859765789e-12 -1.8215235215057982e-12 -5.3932848073596078e-13 
7 0.045164119990832322 0.021546132532298007 0.045549399426558224 -0.70583025878458916 0.0025347328538717837 -0.70837646835100299 -0.7083808647963945 -0.0031508520633729623 0.70582336495867515 -0.00044291578475752144 0.99999182359689032 0.0040195229783360209 -1.1739553712061196e-13 -2.9329731783767884e-14 1.1595031236475401e-13 6.6382712320556023e-12 3.6124463949837089e-12 3.3862062297422024e-12 
8 0.051297778748946546 0.013432037198902239 0.043344933501667862 0.81871104628551894 -0.48232158727293067 -0.31157360148220425 -0.56715684002263744 -0.76402046537167789 -0.30758063545805531 -0.089695827693417496 0.42853076312414873 -0.8990639819004137 4.4769527343504961e-14 -2.7690270231446943e-15 3.8309946657999123e-17 3.8147643293384628e-12 1.1282472504345822e-12 -1.8309715241103118e-12 
9 0.079846047071226264 0.025992876440876757 0.089769451791093829 0.94280001759472976 0.32532471433228488 -0.072745838836284119 -0.3140319239779138 0.93995844994905942 0.13364902952169647 0.11185739826273071 -0.10315979165342844 0.98835518910962061 2.0701120377634862e-13 -4.7955907514518847e-13 8.9539051201952648e-14 -1.0623909573814217e-12 -2.7333298556504364e-12 -1.6129095975370589e-11 
10 0.054225048887019317 0.01387988643459147 0.046396131119926923 0.99987113485230228 -0.001927353946516983 0.015937345950130809 0.0017633018100648983 0.9999453863266673 0.010301219866542161 -0.015956329649889016 -0.010271790047361095 0.99981992672347109 -1.1595030436265147e-13 -2.8987576090662868e-14 5.8697767248307055e-14 5.9031460322266267e-12 3.507868764320258e-12 3.6878481450215828e-12 
1 0.051296215921961506 0.017908175538920625 0.021903828027305762 1 0 0 0 1 0 0 0 1 0 0 0 0 0 0 
2 0.031977001302338187 0.023348481053758779 0.033459363462841778 0.18859159804738077 0.072683406839210665 0.97936220649777017 0.98205560389719981 -0.013958153772975268 -0.18807434912118229 2.0384454157973408e-07 0.99725738518874651 -0.074011537522623377 -1.1997735016591943e-16 -1.7487969304198156e-14 -1.0092758281138019e-15 -7.1310133015881331e-14 -1.0170724322203646e-14 7.1920440365083282e-14 
3 0.030311648920884116 0.02366127269420891 0.033596338645152816 0.18428127207710929 0.079916970881612523 0.97961915585943393 0.98286567469720398 -0.010994158208290916 -0.18399509229134622 -0.0039342424496161543 0.99674089223348239 -0.080573664965353745 -3.5865005569146677e-16 -1.6264513988828543e-14 -1.1810541819273113e-22 7.7100449420277457e-13 -2.539591757048438e-13 1.5667265817468081e-13 
4 0.040726839049522769 0.018584597869839219 0.038434486127546873 0.99936904849666497 -0.017023028062888967 0.031172446526388276 0.017123628139484183 0.99984898934618749 -0.0029630833177470106 -0.031117298504386708 0.0034949991383889994 0.99950962912560848 -7.6509581444915014e-15 -1.6623163751922949e-14 1.1894496235549701e-16 3.3752762700293144e-13 -1.2743526499885231e-12 4.8328712462314533e-14 
5 0.056761363214573035 0.018693405463590575 0.031420850455458796 0.18461799275467963 0.079135995535854736 0.97961915608147554 0.98281031486303549 -0.015155435850288723 -0.18399510255169491 0.00028591966355673293 0.99674861774408141 -0.080573638835595776 -7.1729997961069472e-16 -1.6264513620701161e-14 -1.8594931411848748e-23 1.7045129208054811e-12 -3.3733149556964517e-13 -2.6031323385238521e-13 
6 0.050962738971170235 0.020119762384505639 0.038485124151653907 0.99999992280346228 5.6190500137468526e-06 -0.00039288865589674006 -5.7072565569528087e-06 0.99999997478202207 -0.00022450697672923405 0.00039288738447295192 0.00022450920171443025 0.99999989761755559 -3.3246327503845898e-14 -1.6563691270745152e-14 3.3246327503845898e-14 1.4709317270390726e-12 -1.0324620595177055e-12 -3.0755325274335061e-13 
7 0.045164119990831392 0.021546132532297778 0.04554939942655914 -0.70583025878456995 0.0025347328539005532 -0.70837646835102186 -0.70838086479641338 -0.0031508520634256649 0.70582336495865583 -0.00044291578477465704 0.99999182359688998 0.0040195229783935877 -6.6492656499903242e-14 -1.6563692794280214e-14 6.5775359557763063e-14 3.7682609457963615e-12 2.0635582266985794e-12 1.9257156509450384e-12 
8 0.0512977787489469 0.013432037198902217 0.043344933501667869 0.81871104628550984 -0.48232158727293817 -0.3115736014822168 -0.56715684002264677 -0.76402046537168378 -0.30758063545802361 -0.089695827693441865 0.42853076312413008 -0.89906398190042014 2.5595370346908213e-14 -1.5838282921635982e-15 1.1894548110843644e-16 2.1733237689937923e-12 6.3817132977661004e-13 -1.041322783682758e-12 
9 0.079846047071227916 0.025992876440872954 0.089769451791094537 0.94280001759468712 0.32532471433240723 -0.072745838836288393 -0.31403192397803337 0.93995844994901701 0.13364902952171409 0.11185739826275373 -0.10315979165342931 0.98835518910961795 1.179212836511116e-13 -2.7298306900816049e-13 5.1190738718708805e-14 -6.0520706802928893e-13 -1.5587825725473556e-12 -9.1917335691209359e-12 
10 0.054225048887018401 0.013879886434591241 0.046396131119927395 0.99987113485230172 -0.0019273539465463987 0.015937345950158593 0.0017633018100947737 0.99994538632666763 0.010301219866495605 -0.015956329649917018 -0.010271790047314013 0.99981992672347109 -6.5775355005198185e-14 -1.6443838751299546e-14 3.3246327503845898e-14 3.3591201599291776e-12 1.9940625899591381e-12 2.0979955426976924e-12 
1 0.051296215921961506 0.017908175538920625 0.021903828027305762 1 0 0 0 1 0 0 0 1 0 0 0 0 0 0 
2 0.03197700130233818 0.023348481053758717 0.033459363462841778 0.18859159804738054 0.072683406839210637 0.97936220649777017 0.9820556038971997 -0.013958153772975213 -0.18807434912118207 2.0384454152422293e-07 0.99725738518874651 -0.074011537522623336 5.6538330480109765e-17 8.7817881037571282e-15 8.6578613753966197e-16 3.3604308325337153e-14 4.7928694220668458e-15 -3.3891910598231997e-14 
3 0.030311648920884116 0.023661272694208854 0.033596338645152816 0.18428127207710876 0.079916970881611579 0.97961915585943415 0.98286567469720421 -0.010994158208293636 -0.18399509229134545 -0.0039342424496131567 0.99674089223348239 -0.080573664965353314 3.6409750251620478e-16 8.2052449440764276e-15 5.2232583643833406e-23 -3.7729082352596144e-13 1.1913449624728984e-13 -7.5711349135741218e-14 
4 0.040726839049522755 0.018584597869839164 0.038434486127546866 0.99936904849666508 -0.01702302806288912 0.031172446526383187 0.017123628139484353 0.99984898934618749 -0.0029630833177480892 -0.031117298504381601 0.003494999138389996 0.99950962912560859 5.0770792355262887e-15 8.5693423050970639e-15 2.4377396790713096e-16 -1.6305020659641921e-13 6.1932015068072503e-13 -3.3885026828821879e-14 
5 0.056761363214573035 0.01869340546359052 0.031420850455458796 0.1846179927546806 0.079135995535853515 0.97961915608147543 0.98281031486303538 -0.015155435850294996 -0.18399510255169538 0.0002859196635630612 0.99674861774408141 -0.080573638835595734 7.2819494055564562e-16 8.2052447590440015e-15 6.8492061111490645e-24 -8.744422566011464e-13 1.7057018011728316e-13 1.3617706009966651e-13 
6 0.050962738971170124 0.02011976238450558 0.038485124151654018 0.99999992280346228 5.6190500149125749e-06 -0.00039288865590045849 -5.707256558121421e-06 0.99999997478202207 -0.00022450697673446555 0.00039288738447667003 0.0002245092017196622 0.99999989761755559 1.7138684610194128e-14 8.6912292890506516e-15 -1.7138684610194128e-14 -7.5081855957648947e-13 5.3829049066104961e-13 1.4625714415661031e-13 
7 0.045164119990831156 0.021546132532297719 0.045549399426559369 -0.70583025878456518 0.0025347328539083724 -0.70837646835102674 -0.70838086479641837 -0.0031508520634386536 0.70582336495865095 -0.00044291578477836761 0.99999182359688998 0.0040195229784082921 3.4277369971147002e-14 8.6912300554350937e-15 -3.3549176534322713e-14 -1.9133324642053715e-12 -9.908009082369469e-13 -9.6859259722373801e-13 
8 0.051297778748946997 0.01343203719890221 0.043344933501667862 0.81871104628550762 -0.48232158727294 -0.31157360148221974 -0.56715684002264899 -0.76402046537168533 -0.30758063545801573 -0.089695827693447833 0.4285307631241253 -0.89906398190042192 -1.2061605884550971e-14 8.4423008019565732e-16 2.4377372045264556e-16 -1.0685385975987803e-12 -3.358354235502137e-13 5.1910769272475495e-13 
9 0.079846047071228346 0.025992876440871962 0.089769451791094731 0.94280001759467591 0.32532471433243937 -0.072745838836289767 -0.31403192397806473 0.93995844994900579 0.13364902952171881 0.11185739826276005 -0.10315979165342955 0.98835518910961728 -5.791303203390957e-14 1.3428726003235237e-13 -2.4123210749335672e-14 2.7286534992740326e-13 7.3397955763696814e-13 4.433511772915336e-12 
10 0.054225048887018172 0.013879886434591183 0.046396131119927506 0.99987113485230161 -0.0019273539465538912 0.015937345950165559 0.0017633018101023833 0.99994538632666785 0.010301219866483826 -0.015956329649924043 -0.010271790047302103 0.9998199267234712 3.3549174267337101e-14 8.3872935668342752e-15 -1.7138684610194128e-14 -1.6657664431548513e-12 -1.0019786687563197e-12 -1.0463156875435735e-12 
1 0.051296215921961506 0.017908175538920625 0.021903828027305762 1 0 0 0 1 0 0 0 1 0 0 0 0 0 0 
2 0.03197700130233818 0.02334848105375906 0.033459363462841805 0.18859159804738188 0.072683406839210832 0.97936220649776995 0.98205560389719959 -0.013958153772976545 -0.18807434912118332 2.0384454274546826e-07 0.9972573851887464 -0.074011537522623766 4.5459314331084684e-16 6.7455794569871941e-14 4.6933808084487323e-15 2.7019347795874257e-13 3.8536786593340982e-14 -2.725059272325075e-13 
3 0.030311648920884126 0.023661272694209173 0.033596338645152816 0.18428127207711187 0.079916970881616464 0.97961915585943315 0.98286567469720343 -0.010994158208278926 -0.18399509229134978 -0.0039342424496288109 0.99674089223348217 -0.080573664965355396 1.7935436707484015e-15 6.2820132956347516e-14 4.3970615681304934e-22 -2.9484155677500369e-12 9.6013350324407096e-13 -5.9801007480553868e-13 
4 0.040726839049522928 0.018584597869839493 0.038434486127546873 0.9993690484966643 -0.017023028062887809 0.031172446526408656 0.017123628139482931 0.9998489893461876 -0.0029630833177417474 -0.031117298504407177 0.0034949991383840476 0.99950962912560792 3.2246717633477224e-14 6.4613675510597658e-14 4.3844885535543116e-16 -1.2829224336284738e-12 4.8693035619251312e-12 -2.1050186259044625e-13 
5 0.056761363214573056 0.018693405463590839 0.031420850455458796 0.18461799275467536 0.07913599553586026 0.97961915608147587 0.98281031486303649 -0.015155435850260357 -0.18399510255169294 0.00028591966352814469 0.99674861774408141 -0.08057363883559597 3.5870868372332142e-15 6.2820131537249781e-14 6.6062260033270051e-23 -6.6212688091439399e-12 1.304678982922631e-12 1.0155409812992965e-12 
6 0.050962738971170783 0.020119762384505913 0.038485124151653359 0.99999992280346228 5.6190500088480655e-06 -0.00039288865587953675 -5.7072565520406732e-06 0.99999997478202207 -0.00022450697670508966 0.00039288738445574986 0.00022450920169028382 0.99999989761755559 1.2922735102119532e-13 6.4832899938275378e-14 -1.2922735102119532e-13 -5.7072123360036957e-12 4.024908544615194e-12 1.1680268681807869e-12 
7 0.045164119990832495 0.021546132532298052 0.045549399426558064 -0.70583025878459227 0.0025347328538680336 -0.70837646835099988 -0.7083808647963914 -0.0031508520633640922 0.70582336495867837 -0.00044291578475386768 0.99999182359689043 0.0040195229783271062 2.5845470779686593e-13 6.4832905813257483e-14 -2.5486763262059768e-13 -1.4577287042760514e-11 -7.8477917062534036e-12 -7.4255886713753375e-12 
8 0.051297778748946504 0.013432037198902243 0.043344933501667869 0.81871104628552038 -0.48232158727292962 -0.31157360148220214 -0.567156840022636 -0.76402046537167723 -0.30758063545805991 -0.089695827693413721 0.42853076312415134 -0.89906398190041292 -9.6980637224726049e-14 6.1585333786090659e-15 4.3844688444244921e-16 -8.3269329638427242e-12 -2.4934900666660472e-12 4.0051121424706823e-12 
9 0.079846047071226015 0.025992876440877322 0.089769451791093746 0.94280001759473553 0.32532471433226806 -0.072745838836283827 -0.31403192397789731 0.93995844994906519 0.1336490295216943 0.11185739826272792 -0.10315979165342846 0.98835518910962095 -4.5153907110711591e-13 1.0469350252173962e-12 -1.9396126677543616e-13 2.2884615478836392e-12 5.9249303598503754e-12 3.5089077781077878e-11 
10 0.054225048887019477 0.01387988643459151 0.046396131119926846 0.99987113485230239 -0.001927353946512265 0.015937345950126372 0.0017633018100601152 0.99994538632666718 0.010301219866549055 -0.01595632964988454 -0.010271790047368074 0.99981992672347109 2.54867615114878e-13 6.37169037787195e-14 -1.2922735102119532e-13 -1.2904416488384719e-11 -7.6857638074185244e-12 -8.0722706758412838e-12 
1 0.051296215921961506 0.017908175538920625 0.021903828027305762 1 0 0 0 1 0 0 0 1 0 0 0 0 0 0 
2 0.031977001302338146 0.02334848105376678 0.033459363462842256 0.18859159804741318 0.07268340683921487 0.97936220649776362 0.98205560389719349 -0.013958153773009907 -0.18807434912121221 2.0384457255495647e-07 0.99725738518874563 -0.074011537522634036 -2.7748939479776676e-15 -3.9948521653959358e-13 -2.1061825613761373e-14 -1.6491972912774412e-12 -2.3523395491973319e-13 1.6634100518530872e-12 
3 0.030311648920884286 0.023661272694216345 0.033596338645152816 0.18428127207717956 0.079916970881727167 0.97961915585941139 0.98286567469718933 -0.01099415820794658 -0.18399509229144501 -0.0039342424499825834 0.99674089223347695 -0.080573664965402594 -7.154501862965382e-15 -3.7118842106414692e-13 -2.7468316275751845e-21 1.7565348235125834e-11 -5.8376532945379658e-12 3.6207761574328996e-12 
4 0.040726839049526266 0.018584597869846831 0.038434486127546894 0.99936904849664721 -0.017023028062864095 0.031172446526971681 0.017123628139456629 0.99984898934618849 -0.0029630833175956941 -0.031117298504972704 0.003494999138246857 0.99950962912559072 -1.646689270347982e-13 -3.7834291619037164e-13 -3.8979077559417105e-16 7.5941085253720267e-12 -2.9321303421926857e-11 1.0765400178332363e-12 
5 0.056761363214573375 0.01869340546359801 0.031420850455458796 0.18461799275456284 0.079135995536010695 0.97961915608148487 0.9828103148630577 -0.015155435849499632 -0.18399510255164148 0.00028591966275931524 0.99674861774408108 -0.080573638835603353 -1.4309000704460183e-14 -3.7118841267635168e-13 -4.2941424261025735e-22 3.8979865833592688e-11 -7.7181644673197488e-12 -5.8921462105013486e-12 
6 0.050962738971185459 0.020119762384513257 0.038485124151638683 0.99999992280346239 5.6190498728059167e-06 -0.00039288865542563909 -5.7072564156404284e-06 0.99999997478202218 -0.00022450697605303158 0.00039288738400188646 0.00022450920103816969 0.99999989761755581 -7.5668583238074327e-13 -3.7852908246058456e-13 7.5666837414557828e-13 3.373880043372996e-11 -2.3349981098782236e-11 -7.1144466259511575e-12 
7 0.045164119990861833 0.021546132532305397 0.045549399426529039 -0.70583025878519223 0.0025347328529567786 -0.70837646835040524 -0.70838086479579376 -0.003150852061704788 0.70582336495928544 -0.00044291578421822714 0.99999182359689787 0.0040195229765107787 -1.5133716987125871e-12 -3.7852911712620942e-13 1.4990278509805985e-12 8.5832493493721735e-11 4.7268173826560506e-11 4.3816086237365519e-11 
8 0.051297778748935173 0.013432037198902914 0.04334493350166789 0.81871104628580571 -0.48232158727269941 -0.31157360148180868 -0.56715684002234623 -0.76402046537148782 -0.30758063545906428 -0.089695827692640534 0.42853076312474797 -0.89906398190020553 5.920169277224199e-13 -3.3924070127623408e-14 -3.8977884073921494e-16 4.9717963000649774e-11 1.4402619441969742e-11 -2.3762504487070255e-11 
9 0.079846047071174056 0.025992876440998007 0.089769451791071084 0.94280001759609466 0.32532471432836157 -0.072745838836139609 -0.31403192397408214 0.93995844995042099 0.13364902952112387 0.11185739826198331 -0.10315979165339512 0.98835518910970876 2.6965560609615375e-12 -6.2685912663346982e-12 1.1840338106918958e-12 -1.4713791628049105e-11 -3.6593804967100021e-11 -2.1272736668644337e-10 
10 0.054225048887048509 0.013879886434598768 0.046396131119912171 0.99987113485231793 -0.0019273539455783018 0.015937345949258476 0.0017633018091115934 0.99994538632665375 0.010301219868015731 -0.015956329649009685 -0.01027179004885137 0.99981992672346975 -1.4990626635464394e-12 -3.7476566588660985e-13 7.5666837414557828e-13 7.6812803611952728e-11 4.5388992993308572e-11 4.7891301578981396e-11 
1 0.051296215921961506 0.017908175538920625 0.021903828027305762 1 0 0 0 1 0 0 0 1 0 0 0 0 0 0 
2 0.031977001302338159 0.023348481053764223 0.033459363462842125 0.18859159804740253 0.072683406839213482 0.97936220649776573 0.98205560389719548 -0.013958153772998916 -0.18807434912120236 2.0384456267397155e-07 0.99725738518874585 -0.074011537522630594 -9.1443950934357485e-16 -1.2870821256767961e-13 -5.2463780363987461e-15 -5.4342628600519791e-13 -7.7519360746236109e-14 5.4816044386510635e-13 
3 0.03031164892088424 0.023661272694213972 0.033596338645152816 0.1842812720771568 0.079916970881689933 0.97961915585941872 0.9828656746971941 -0.010994158208057381 -0.18399509229141306 -0.0039342424498646222 0.99674089223347873 -0.080573664965386524 -1.5105599335415116e-15 -1.1938320852742821e-13 -9.1896392402977781e-22 5.6772643539848207e-12 -1.9155787897140078e-12 1.1872432263016244e-12 
