1 0.015036506082326075 0.020006856008321663 0.021903827363685954 1 0 0 0 1 0 0 0 1 0 -0 -0 0 -0 0 
2 0.020036506082326072 0.022006856008321661 0.031903827363685952 6.123233995736766e-17 0 1 1 6.2115141380790625e-10 -6.123233995736766e-17 -6.2115141380790625e-10 1 3.8034554535285271e-26 -0 -0 0 0 0 0 
3 0.020036506082326072 0.022006856008321661 0.011903827363685952 6.123233995736766e-17 0 1 1 -3.2370966445906128e-10 -6.123233995736766e-17 3.2370966445906128e-10 1 -1.9821500221642657e-26 -0 -0 0 0 0 0 
4 0.028842220349012959 0.023937265318136274 0.03371719910013276 0.19346704446384747 0.054007508751481741 0.97961915646075559 0.97216013305350424 -0.14508784454382179 -0.18399508979051787 0.13219371546263695 0.98794367570428143 -0.080573663365252152 -0 -0 0 0 0 0 
5 0.030448742735585704 0.024211480002396982 0.034006792314676876 -0.97391271781472188 -0.11459961188178153 0.19585950841173641 0.22579063398541743 -0.57550220700533405 0.78601259489683295 0.022640841044565069 0.80973090510893464 0.58636443755420575 -0 0 0 0 0 0 
6 0.028842220351632138 0.024083049908249683 0.010259370344790315 0.19599080519992132 -0.043977418898809746 0.97961910501178218 0.97537667186217569 0.11177253917272456 -0.19012429480197268 -0.10113333903393171 0.99276023596530105 0.064800938434311839 -0 -0 0 0 0 0 
7 0.030446390147531914 0.024355352367421226 0.0099552621901646994 -0.97837206530784004 0.075731753592683193 0.19249104738415421 0.20084574200079508 0.57042683110022052 0.79641334637304417 -0.049488278869057836 0.81784957777010403 -0.5733000770938731 -0 0 0 0 0 0 
8 0.05529193465318813 0.01894969412335527 0.012008995410455966 0.18318261096686522 -0.082404753991288673 0.97961910330444113 0.97796940320758885 -0.086189306402162325 -0.19012430105514327 0.10009983730833272 0.99286497570492904 0.064800945898157519 0 -0 0 0 0 0 
9 0.055291934642701004 0.018969398087510386 0.031541710910444852 0.17553161267244355 0.097647128758096557 0.97961915620199613 0.97918504536366413 0.085688093811852495 -0.18399510187787638 -0.1019082915604525 0.99152538486122022 -0.08057363890900622 0 0 0 0 0 0 
10 0.056880585865461623 0.019374902596622858 0.031314392012363718 -0.95710052718331573 -0.234391117690115 0.17035076992311457 0.12676505325664275 0.18994953589633573 0.97357577778291471 -0.26055556439703947 0.95340441459054792 -0.15208819842773763 -0 -0 -0 -0 0 0 
11 0.056887104779862446 0.019346024693333883 0.012204787261843937 -0.95488077347335809 0.23650064727029452 0.17963894981783071 0.1381533256153987 -0.18171676260112773 0.97359780033192922 0.26289991835739884 0.95448753896030358 0.14084449189505388 0 -0 -0 0 0 0 
12 0.05209972179844212 0.011760765060380478 0.04289139188711457 -0.81327725270272511 0.066595011192564446 0.57805295148504343 0.56259524927958582 0.34360922734908717 0.75194367100774506 -0.14854863083969633 0.93674852728190905 -0.31691560534442925 -0 0 -0 0 0 0 
13 0.052279844857713191 0.012255843978528478 0.0010334798862587427 -0.8255473005701166 -0.0019137307537480501 0.56432968392243521 0.52529218399223254 -0.36808258388848075 0.76719184880618341 0.20625172958805438 0.92979113196060414 0.30487485132321818 -0 -0 -0 0 0 0 
14 0.042403042275236245 0.023403593240402375 0.042116336549485114 -0.72404170090295727 -0.45302198691942686 0.52012949803018016 0.65173187711100466 -0.20241175682393883 0.73094120218852965 -0.22585211026448002 0.86821688538464936 0.44180342260111549 -0 -0 -0 0 0 0 
15 0.042352275309424731 0.023390772898902335 0.0014863678131687545 -0.72548641566422634 0.45108091982291276 0.5198032940049423 0.65254609930957419 0.2107777517470921 0.72784361482690818 0.21875339760226112 0.86723626719606017 -0.44726749032017837 -0 0 -0 0 0 0 
16 0.040952898188772006 0.023869527447990278 0.041468305716737 0.64034767289928163 -0.25635163905118669 0.72404329633540887 0.75681868819571474 0.049718836768190611 -0.65173116426033795 0.13107376171527296 0.96530403211951221 0.22584905260731061 0 0 0 0 0 0 
17 0.040900192004178534 0.023860096898610253 0.0021275758674646375 0.64966851188870578 0.22715358604265012 0.72548747267494496 0.75422460950720738 -0.072998930483940516 -0.65254608615936194 -0.095268373944427165 0.97111915051458286 -0.21874993126814832 -0 -0 0 0 0 0 
18 0.051798997821229723 0.051032031741566092 0.14810030017149761 -0.74439512960171283 0.664351757799304 0.06717613366534371 -0.42448695813612758 -0.54847477522956456 0.72040699837606803 0.51544807051495167 0.50775206828318642 0.69029060819089794 -0 0 0 -0 0 0 
19 0.051027046740366427 0.046987560840379208 -0.10503838060005191 -0.73484887659375597 0.67634107138829247 -0.050595293479053796 -0.47561408938972344 -0.56706419540902442 -0.67248006383765757 -0.48351666625141171 -0.47010738500735394 0.73838382973807626 0 0 0 0 0 0 
1 0.015036506082326075 0.020006856008321663 0.021903827363685954 1 0 0 0 1 0 0 0 1 0 0 0 0 0 0 
2 0.020036506082326072 0.022006856008321661 0.031903827363685952 6.123233995736766e-17 0 1 1 6.2115141380790625e-10 -6.123233995736766e-17 -6.2115141380790625e-10 1 3.8034554535285271e-26 9.3425226934583827e-21 2.672724060229441e-18 3.8723005588560965e-19 8.690358334327271e-17 1.2394765672351641e-17 -8.7647347144338315e-17 
3 0.020036506082326072 0.022006856008321661 0.011903827363685952 6.123233995736766e-17 0 1 1 -3.2370966445906128e-10 -6.123233995736766e-17 3.2370966445906128e-10 1 -1.9821500221642657e-26 -8.7094752753346687e-21 -2.6446790051339824e-18 2.7419729363177706e-19 -8.8170851137110633e-17 9.3500093194951183e-18 8.7381794253840874e-17 
4 0.028842220349012959 0.023937265318136274 0.03371719910013276 0.19346704446384766 0.05400750875148113 0.97961915646075559 0.97216013305350368 -0.14508784454382492 -0.18399508979051787 0.13219371546264008 0.98794367570428099 -0.080573663365252152 1.4485052588495131e-18 2.1058807029609502e-17 5.1367198349827918e-18 -2.4144328606886966e-13 4.884436322641579e-14 1.6141163906168668e-14 
5 0.030448742735585711 0.024211480002396979 0.034006792314676876 -0.97391271781472144 -0.11459961188178498 0.1958595084117363 0.22579063398541929 -0.57550220700533561 0.78601259489683117 0.022640841044562793 0.80973090510893297 0.58636443755420808 5.5737569199339351e-17 3.5354564397693378e-16 -7.4816282076061002e-17 -1.8854487394579366e-13 2.1122276510467122e-13 1.5101716785270167e-13 
6 0.028842220351632138 0.024083049908249683 0.010259370344790315 0.19599080519992138 -0.043977418898809524 0.97961910501178218 0.97537667186217547 0.1117725391727257 -0.19012429480197268 -0.10113333903393276 0.99276023596530094 0.064800938434311839 -2.6704894288973257e-19 -1.0334853559815981e-18 1.0048553849235959e-18 8.1704595946436913e-14 -1.5173371394835207e-14 6.1080120894840132e-15 
7 0.030446390147531921 0.024355352367421222 0.0099552621901646994 -0.97837206530784004 0.075731753592684067 0.19249104738415415 0.2008457420007955 0.57042683110022119 0.79641334637304362 -0.049488278869057295 0.81784957777010359 -0.57330007709387387 -5.2261936418616397e-16 9.915696575025866e-17 -3.6753833317298213e-17 5.4905436669958953e-14 -6.0507036060349187e-14 3.9167511266199634e-14 
8 0.05529193465318813 0.01894969412335527 0.012008995410455966 0.183182610966865 -0.082404753991288604 0.97961910330444113 0.97796940320758885 -0.086189306402162158 -0.19012430105514308 0.10009983730833266 0.99286497570492904 0.064800945898157492 9.7762523941036385e-19 5.5388706380575922e-18 1.4717925328813424e-18 2.7317473394511788e-15 4.7143456762477691e-16 -3.588712480271609e-15 
9 0.055291934642701011 0.018969398087510386 0.031541710910444852 0.17553161267244352 0.097647128758096571 0.97961915620199613 0.97918504536366413 0.085688093811852661 -0.18399510187787638 -0.10190829156045267 0.99152538486122022 -0.08057363890900622 -5.1416485337250114e-16 -1.351368085247855e-17 -8.579941063299669e-19 1.3653388665088402e-14 -3.1483261299226884e-15 -2.54021739513182e-15 
10 0.05688058586546163 0.019374902596622855 0.031314392012363718 -0.95710052718331573 -0.234391117690115 0.17035076992311454 0.12676505325664267 0.18994953589633592 0.97357577778291471 -0.26055556439703947 0.95340441459054792 -0.15208819842773785 -5.4184088358082778e-16 8.8910971884053926e-17 3.8552983599194462e-16 2.1311693823632368e-14 4.8601365102300941e-15 -1.1277035004227536e-15 
11 0.056887104779862446 0.019346024693333887 0.012204787261843934 -0.95488077347335798 0.23650064727029491 0.17963894981783077 0.13815332561539867 -0.18171676260112779 0.97359780033192922 0.26289991835739923 0.95448753896030347 0.14084449189505388 7.5795856196549732e-17 -2.8393859193776053e-16 -3.3835664152858214e-17 7.4219267335076023e-15 1.3987663697835113e-14 1.6351751023006714e-15 
12 0.052099721798442071 0.011760765060380414 0.042891391887114591 -0.81327725270272377 0.066595011192561435 0.57805295148504565 0.56259524927958726 0.34360922734908544 0.75194367100774473 -0.14854863083969841 0.93674852728190994 -0.31691560534442581 3.8676779102944275e-15 5.2617816371711193e-15 -2.2147732838559309e-15 -1.2758975570554855e-13 2.9870551526439397e-13 1.0861831326894915e-13 
13 0.052279844857713177 0.012255843978528459 0.001033479886258736 -0.82554730057011627 -0.0019137307537473161 0.56432968392243577 0.5252921839922331 -0.36808258388847981 0.76719184880618363 0.2062517295880546 0.92979113196060459 0.3048748513232169 9.9516392526526934e-16 1.5135453827272948e-15 5.7456004083054156e-16 5.3910413500649187e-14 -7.6963067633567153e-14 3.2368873595980393e-14 
14 0.042403042275236252 0.023403593240402379 0.042116336549485114 -0.72404170090295672 -0.4530219869194273 0.5201294980301806 0.65173187711100522 -0.20241175682393808 0.73094120218852943 -0.22585211026448052 0.86821688538464925 0.44180342260111538 -5.4880345523058102e-16 -3.2482189983518933e-17 3.9552994852622033e-16 5.6545279240907285e-14 6.3495409208077722e-14 4.4487496262537981e-14 
15 0.042352275309424724 0.023390772898902335 0.0014863678131687569 -0.72548641566422623 0.4510809198229131 0.51980329400494207 0.65254609930957397 0.21077775174709182 0.72784361482690829 0.21875339760226156 0.86723626719605995 -0.44726749032017843 5.4211648108914087e-16 -1.5681592092782252e-18 1.8620606703303425e-16 -1.7108913108866281e-14 -5.5682835889621777e-15 1.0411673769456831e-14 
16 0.040952898188772013 0.023869527447990278 0.041468305716736993 0.64034767289928118 -0.25635163905118935 0.72404329633540832 0.75681868819571463 0.049718836768188779 -0.65173116426033828 0.13107376171527613 0.96530403211951155 0.22584905260731136 -3.0484749652406405e-16 -9.3264767229014338e-17 7.6956779340146143e-16 -1.3212261841723504e-13 2.4306046011069874e-13 -1.5838939550454196e-14 
17 0.040900192004178534 0.023860096898610249 0.0021275758674646379 0.64966851188870545 0.22715358604265085 0.72548747267494496 0.75422460950720738 -0.072998930483940128 -0.65254608615936183 -0.09526837394442797 0.97111915051458264 -0.21874993126814862 4.6177942232762451e-16 6.6669344987535555e-17 2.2124056023810689e-16 5.269941980229016e-14 -5.5769751370966447e-14 -1.3835899690255899e-14 
18 0.051798997821229341 0.051032031741565939 0.14810030017149767 -0.74439512960173149 0.66435175779928202 0.067176133665354174 -0.42448695813610759 -0.54847477522958321 0.72040699837606559 0.51544807051494124 0.50775206828319486 0.69029060819089949 3.3087785505273218e-14 1.1423257802649115e-14 -3.6132841458755175e-15 -5.3209124364383537e-14 1.1212261305289902e-12 2.2076341019936898e-12 
19 0.051027046740366275 0.04698756084037916 -0.10503838060005191 -0.73484887659376152 0.67634107138828614 -0.050595293479056155 -0.47561408938971789 -0.56706419540902986 -0.67248006383765679 -0.4835166662514086 -0.47010738500735633 0.73838382973807681 9.6311227434728439e-15 4.1454941074988024e-15 2.0904578970699868e-15 3.0756681527714022e-14 -2.9127051126785382e-13 6.2387257896672233e-13 
1 0.015036506082326075 0.020006856008321663 0.021903827363685954 1 0 0 0 1 0 0 0 1 0 0 0 0 0 0 
2 0.020036506082326072 0.022006856008321661 0.031903827363685952 6.123233995736766e-17 0 1 1 6.2115141380790625e-10 -6.123233995736766e-17 -6.2115141380790625e-10 1 3.8034554535285271e-26 -2.177418708595182e-20 -6.2291947931055152e-18 -9.0249924552612675e-19 -2.0254217669505845e-16 -2.8887909132433123e-17 2.0427563270940679e-16 
3 0.020036506082326072 0.022006856008321661 0.011903827363685952 6.123233995736766e-17 0 1 1 -3.2370966445906128e-10 -6.123233995736766e-17 3.2370966445906128e-10 1 -1.9821500221642657e-26 2.029877264289633e-20 6.163831475667504e-18 -6.3905899572291165e-19 2.0549573933936966e-16 -2.1791635820230218e-17 -2.0365672082568665e-16 
4 0.028842220349012956 0.02393726531813627 0.03371719910013276 0.19346704446384719 0.054007508751482837 0.97961915646075559 0.97216013305350513 -0.14508784454381651 -0.18399508979051787 0.13219371546263156 0.98794367570428221 -0.080573663365252193 -6.8104133382701369e-19 -3.8957335099070725e-17 -2.3244446135838235e-18 7.388889190867881e-14 -1.5459915919114716e-14 -4.3024655105648685e-15 
5 0.030448742735585701 0.024211480002396986 0.034006792314676876 -0.97391271781472255 -0.11459961188177546 0.19585950841173658 0.22579063398541413 -0.57550220700533095 0.78601259489683639 0.022640841044568941 0.80973090510893797 0.58636443755420142 -1.3899643753412764e-17 -1.6129406283952649e-16 6.7564608224892486e-17 5.6230328048716795e-14 -6.5024074233579614e-14 -4.5107504471256951e-14 
6 0.028842220351632138 0.024083049908249683 0.010259370344790315 0.19599080519992126 -0.043977418898810051 0.97961910501178218 0.97537667186217591 0.11177253917272287 -0.19012429480197271 -0.10113333903392993 0.99276023596530127 0.064800938434311797 1.06468684360314e-19 4.5869766738554759e-19 -2.6371819851299192e-19 -2.8732598169725986e-14 5.3969472935456647e-15 -2.2127968191903256e-15 
7 0.030446390147531904 0.024355352367421229 0.0099552621901646977 -0.97837206530784016 0.075731753592681902 0.19249104738415423 0.20084574200079441 0.57042683110021963 0.79641334637304495 -0.049488278869058669 0.8178495777701047 -0.57330007709387198 1.7827437291323792e-16 -1.4593586139791153e-17 2.2437602884412327e-17 -2.0688529685036616e-14 2.1127531850938323e-14 -1.3037967944444447e-14 
8 0.05529193465318813 0.01894969412335527 0.012008995410455966 0.18318261096686522 -0.082404753991288673 0.97961910330444113 0.97796940320758885 -0.086189306402162325 -0.19012430105514327 0.10009983730833272 0.99286497570492904 0.064800945898157519 -4.1060175236993881e-19 -2.3086871333084724e-18 -5.6641468106156138e-19 2.0564555111753907e-16 -4.2537869629749254e-16 1.5847539431486776e-15 
9 0.055291934642700991 0.018969398087510393 0.031541710910444852 0.17553161267244358 0.09764712875809646 0.97961915620199613 0.97918504536366424 0.08568809381185194 -0.18399510187787638 -0.10190829156045195 0.99152538486122022 -0.08057363890900622 1.8660869157963386e-16 3.5394609038604321e-17 1.228747322160403e-19 -2.3772847837766307e-16 1.282727997946703e-16 6.692403051564568e-16 
10 0.056880585865461603 0.019374902596622865 0.031314392012363731 -0.95710052718331595 -0.23439111769011414 0.17035076992311454 0.12676505325664311 0.18994953589633476 0.97357577778291482 -0.26055556439703847 0.95340441459054825 -0.15208819842773677 1.3812951104306953e-16 2.0912616488941683e-17 -1.0591920428821287e-16 -4.2015287672312446e-16 8.7072487084437098e-15 -1.7659413417387329e-15 
11 0.056887104779862453 0.019346024693333873 0.012204787261843937 -0.95488077347335776 0.23650064727029577 0.17963894981783071 0.13815332561539845 -0.18171676260112812 0.97359780033192922 0.26289991835740012 0.95448753896030325 0.1408444918950541 4.3351822564964763e-17 9.9241638331694105e-17 1.9344936443291416e-18 1.0773264704268981e-15 7.838112852129415e-15 1.5322728654722473e-15 
12 0.05209972179844221 0.011760765060380598 0.042891391887114522 -0.81327725270272755 0.066595011192570469 0.57805295148503943 0.56259524927958371 0.3436092273490895 0.75194367100774573 -0.1485486308396918 0.93674852728190783 -0.31691560534443525 -1.1669391571315206e-15 -1.6018796724181655e-15 7.3099477265425643e-16 4.4627397766617328e-14 -8.1782218335314855e-14 -3.485749133410872e-14 
13 0.052279844857713212 0.012255843978528509 0.0010334798862587566 -0.82554730057011738 -0.0019137307537487852 0.5643296839224341 0.52529218399223154 -0.36808258388848175 0.76719184880618374 0.20625172958805393 0.92979113196060381 0.30487485132321968 -3.6330805197088928e-16 -4.8669397351217412e-16 -1.6234624285129209e-16 -1.4620242870881486e-14 3.4139712882562291e-14 -5.515902100344621e-15 
14 0.042403042275236245 0.023403593240402379 0.042116336549485142 -0.72404170090295839 -0.45302198691942475 0.5201294980301806 0.65173187711100455 -0.20241175682394075 0.73094120218852932 -0.22585211026447718 0.86821688538464992 0.44180342260111566 2.6505642061171387e-16 7.0038241994228816e-17 1.0184829470537345e-16 -1.2215972110016236e-14 -1.1212806877401153e-14 -1.76831257301544e-14 
15 0.042352275309424731 0.023390772898902335 0.0014863678131687723 -0.72548641566422645 0.45108091982291321 0.51980329400494163 0.65254609930957386 0.21077775174709251 0.72784361482690829 0.21875339760226145 0.86723626719605973 -0.44726749032017893 -2.6282001135823324e-16 2.3515686618506827e-18 1.1978942306258417e-16 8.168035398410316e-15 1.1599556938772507e-14 -5.653781173714966e-16 
16 0.040952898188771999 0.023869527447990278 0.041468305716737035 0.64034767289928296 -0.25635163905118102 0.72404329633540976 0.75681868819571463 0.049718836768193442 -0.65173116426033784 0.13107376171526708 0.96530403211951343 0.22584905260730814 1.3462723687595608e-16 9.6937351511339128e-17 -5.8571612313070326e-18 4.5400340972114281e-14 -6.5359391240856489e-14 1.4938315448088801e-16 
17 0.040900192004178541 0.023860096898610253 0.0021275758674646535 0.64966851188870589 0.22715358604264954 0.72548747267494496 0.75422460950720738 -0.072998930483941821 -0.65254608615936183 -0.09526837394442586 0.97111915051458286 -0.21874993126814879 -2.3417416013464925e-16 -6.866094261168644e-17 1.1064641226888657e-16 -1.4009280793487237e-14 2.8373764233339616e-14 8.9771666824684551e-15 
18 0.051798997821230541 0.051032031741566293 0.14810030017149756 -0.74439512960167875 0.66435175779934375 0.067176133665326362 -0.42448695813616355 -0.5484747752295317 0.72040699837607169 0.5154480705149711 0.50775206828316954 0.69029060819089572 -9.0804747026290594e-15 -4.0455643082564843e-15 1.3425756354779174e-15 2.1110910471349229e-14 -3.3598857620963497e-13 -6.8488944407362493e-13 
19 0.051027046740366552 0.046987560840379326 -0.10503838060005186 -0.73484887659374676 0.67634107138830268 -0.050595293479048738 -0.47561408938973304 -0.56706419540901487 -0.67248006383765868 -0.48351666625141609 -0.47010738500735061 0.73838382973807548 -4.2556320499046414e-15 -1.0064039466121982e-15 -5.1985816771652542e-16 -7.1613767582338582e-15 1.0295650850621495e-13 -1.9631140122441436e-13 
1 0.015036506082326075 0.020006856008321663 0.021903827363685954 1 0 0 0 1 0 0 0 1 0 0 0 0 0 0 
2 0.020036506021434707 0.022006856008076905 0.031903827363904368 6.123233995736766e-17 0 1 0.99999980151152068 0.00063006104412797559 -6.1232327803453613e-17 -0.00063006104412797559 0.99999980151152068 3.8580112047938227e-20 -3.0025541733380802e-16 -3.6805184742964332e-11 3.2897711089037554e-11 -0.025206204236408729 -8.8212857157765612e-15 -3.3109365943362334e-15 
3 0.020036506021434714 0.02200685600809615 0.011903827363447705 6.123233995736766e-17 0 1 0.99999980151170809 -0.00063006074668650732 -6.1232327803465088e-17 0.00063006074668650732 0.99999980151170809 -3.8580093834901128e-20 -1.0160397006263282e-16 -3.3905327799697523e-11 -3.5879439148703838e-11 0.025206204236411536 -1.2756722761464445e-15 3.229296170748075e-16 
4 0.02884222034872639 0.02393840747615027 0.033715982472822141 0.19348944079590255 0.053927217591316495 0.97961915635789187 0.97218319481843152 -0.14486880910250011 -0.18404582000646219 0.13199118157330292 0.98798020392722563 -0.080457719547605902 1.1856406516313215e-11 4.5678103448343626e-05 -4.868654699373259e-05 -0.0088784249956569052 -0.0030675638031820254 -0.0013410628946968555 
5 0.030448729780713099 0.024212633222452734 0.034005637078388079 -0.97393911845279058 -0.11440671232847498 0.1958410011248688 0.22566637533335548 -0.57538086610215999 0.78613710379769852 0.022743803360617321 0.80984440672126512 0.58620368159111358 -5.2050657612637188e-07 4.6095263326620557e-05 -4.619268917689276e-05 -0.0066868158698225868 0.0057298491684509975 0.005219017234686269 
6 0.02884222035167857 0.024084085611604498 0.010260678792260971 0.19601460878140348 -0.043871203660835571 0.9796191048737376 0.97537982359725461 0.11167560031880938 -0.190165086208857 -0.10105678039430022 0.9927758446813576 0.064681135994624842 1.567689681457603e-11 4.1418150746176584e-05 5.2358582131173597e-05 0.0039607704200621307 0.0041241778264999099 -0.001402817577803228 
7 0.030446368358151094 0.024356361963669908 0.009956432354256025 -0.97838171926383366 0.075686133100958078 0.19245991963670991 0.200797580500746 0.57037381363952855 0.79646346079361774 -0.04949285883227196 0.81789077630850215 -0.57324090481584122 -8.7276954463466483e-07 4.0372845472839104e-05 4.6821157207719449e-05 0.0027824362484962415 -0.00075214180894222766 0.0021068410126607083 
8 0.055291934653309616 0.018949628455745906 0.012007069193275603 0.18323703845308908 -0.082283658820934052 0.97961910313651057 0.9779633080720177 -0.086168472309537836 -0.19016509260291761 0.10005976116190246 0.99287682713964098 0.064681143506763211 1.9140978757783604e-11 -2.6032541820251964e-06 -7.7061070809618233e-05 -0.00069898168221492832 0.0050287319899541601 -0.0017104970504392377 
9 0.055291934642824392 0.018969170523026931 0.031543624762905106 0.17559511709344436 0.09753288667713339 0.97961915603430549 0.97917660059488876 0.085675646687895179 -0.1840458323680505 -0.10188002601284102 0.99153770456853352 -0.080457695210504471 1.8843426007056154e-11 -9.0802552940373355e-06 7.6568411599681478e-05 0.00029761998173558518 -0.00479150285486943 -0.0020947275109442038 
10 0.056880634318003401 0.019374593475597938 0.03131649909725924 -0.95709009473155715 -0.2343833994626682 0.1704199889187365 0.12683933898648747 0.18993993871289125 0.97356797490838509 -0.26055773381768937 0.9534082240772136 -0.15206059847877657 1.9375242707555727e-06 -1.2340545457239799e-05 8.4301320039192743e-05 0.0010949727293185522 -0.00023638446635624542 -0.0028061891686314714 
11 0.056887146332551645 0.019345894175220136 0.012202653654713413 -0.95486974494714405 0.2365000787075914 0.17969831094331137 0.13822022605495937 -0.18169392608650003 0.97359256690496021 0.2629048103285519 0.95449202720325355 0.14080493851968257 1.6613637784244152e-06 -5.1951468049035821e-06 -8.5359933961273859e-05 -0.0015479015874401835 0.00042931537603351898 -0.0023756869491724586 
12 0.052102632043551929 0.011766262239800812 0.042889199045291669 -0.81335861502664075 0.066857403982517855 0.57790816821936619 0.56253594980480837 0.34365682355543875 0.7519662843512257 -0.14832757174290673 0.93671237589588008 -0.31712593130229572 0.00011533906336786654 0.00021851002520362759 -8.7039203452520474e-05 -0.001808979172577955 0.012076788208505284 0.0025423629207502194 
13 0.05228063071868299 0.012258627280209973 0.0010342213009310445 -0.82557857460782902 -0.0020581557148420799 0.564283422708446 0.52529943675969537 -0.3680544858901692 0.7672003631099702 0.20610802722953842 0.9298019463365178 0.3049390458769935 3.1326030950923483e-05 0.00011119962511405728 2.9582384865437021e-05 -0.0012139878985306285 -0.0061856697275166532 -5.281457519177576e-05 
14 0.042403309899278034 0.023404005026003056 0.042118468488943434 -0.72406829799140349 -0.45292355663497713 0.52017819224661355 0.6517559331417444 -0.20250967653904164 0.73089262858684445 -0.22569737140331575 0.8682454046830167 0.44182645211492072 1.0691380835229534e-05 1.645771101839429e-05 8.5291187593007406e-05 0.0044697895236908581 0.004505521720495404 6.0298092141523006e-05 
15 0.042352442356945394 0.023391091800550393 0.0014842336320816882 -0.72550110150176117 0.45101297998506218 0.51984174861656218 0.65257157740913141 0.21086520453463714 0.72779543958060322 0.21862865337711132 0.86725034298151726 -0.44730118993911849 6.6698965867274763e-06 1.2743703623263559e-05 -8.5381518747728924e-05 -0.0041194465799174159 -0.0031709414738493873 -0.00016298393901434128 
16 0.040953091834497017 0.023870009323379977 0.041470653641494104 0.64041876873818993 -0.25609879190820667 0.72406989264229027 0.75679392460016537 0.049780402666348644 -0.65175522030794297 0.13086923372641823 0.96536797144587994 0.22569431399644713 7.7449769951521577e-06 1.9265995087935652e-05 9.3908212041708461e-05 -0.0019893995420863352 0.010319615522203274 -0.0019530753489698 
17 0.040900310106933006 0.023860487739925357 0.0021252781612064969 0.64970217804321195 0.22701034910807263 0.72550215798696116 0.75420474924134762 -0.072976365860879522 -0.652571564081316 -0.095195987665986415 0.97115433965130904 -0.2186251872697364 4.7138778529545032e-06 1.5621108555818084e-05 -9.1919834840166736e-05 -0.0011803252739121305 -0.0058146040810590476 -0.0010486797815192916 
18 0.051833870151299852 0.051034024347808321 0.14809954259134558 -0.74292800451018359 0.66606813432132106 0.066417020079428207 -0.42607525599922991 -0.54708856140157469 0.72052340850852725 0.51625367440794778 0.50699836925306763 0.69024256405630524 0.0013871906521476451 7.652755004217463e-05 -2.9253774370686253e-05 0.0014542754105219581 0.043858624472074725 0.083850979127110523 
19 0.051048347024734653 0.04698286399734037 -0.10504033838618815 -0.73413940197142979 0.67713118771582004 -0.050325869049565874 -0.47635451868904527 -0.56643954799101004 -0.67248242430287208 -0.48386538520290878 -0.46972288968529408 0.73840009202879819 0.00085104664321850444 -0.00018826122433757256 -7.8353578689451515e-05 -0.0025210132996550216 -0.020593087786630476 0.038613785175809899 
1 0.015036506082326075 0.020006856008321663 0.021903827363685954 1 0 0 0 1 0 0 0 1 0 0 0 0 0 0 
2 0.020036506082326034 0.022006856008321612 0.03190382736368591 6.123233995736766e-17 0 1 0.99998417972572062 0.0056249709579491384 -6.1231371244954764e-17 -0.0056249709579491384 0.99998417972572062 3.444301339474617e-19 3.1461020277136486e-16 -5.7617095366698304e-15 -5.7034929622050423e-15 -0.074999999982856863 1.3123183095764546e-14 4.3639137442541553e-16 
3 0.020036506082326034 0.022006856008321609 0.011903827363686 6.123233995736766e-17 0 1 0.99998417972739362 -0.0056249706605216426 -6.1231371245057205e-17 0.0056249706605216426 0.99998417972739362 -3.4443011573528015e-19 -4.3114046412936371e-16 -6.3621830514396654e-15 5.4726934247371906e-15 0.07499999998285331 -2.7282863468425234e-15 1.8251459371620982e-15 
4 0.028842220349014371 0.023947434940764869 0.033706311916996058 0.19367150243594619 0.053269666857056856 0.97961915647722075 0.97234942270387981 -0.14323579634565226 -0.18444540333838266 0.13049118480431968 0.98825393965223596 -0.079537421696958904 1.1903786415353712e-14 0.00013518634143204814 -0.00014554341977699792 -0.023793919105769994 -0.009641223153081982 -0.0041575327941232379 
5 0.030448622854238251 0.024221707587435783 0.033996514618583336 -0.97413423211114969 -0.11299826266852037 0.19568824814770266 0.22474671835896792 -0.57447794447925882 0.78706035594086454 0.023482129718054398 0.8106827270521938 0.58501462002510907 -1.6576138776152596e-06 0.00013541273040930353 -0.00013658175970617724 -0.017783651669734359 0.014532105564368942 0.01381028331143304 
6 0.028842220351632045 0.024092267084250694 0.010271074889645453 0.19620187541439416 -0.04302595920529708 0.97961910501905725 0.97540341150494747 0.11092046030523162 -0.19048579031042162 -0.10046396820942793 0.99289748630970953 0.063730469725833766 -3.8573707228024273e-15 0.00012245643542637544 0.00015640583055821233 0.011424144290355051 0.01236225114374824 -0.0041360144050111031 
7 0.030446193643950667 0.024364335061159134 0.0099657229180999934 -0.97845757209027684 0.075339031163708367 0.19221032751263503 0.20042131723779108 0.56996191537146401 0.79685300440091245 -0.049518433091822883 0.81820990302574903 -0.57278309976353592 -2.6495606832604006e-06 0.00011931076373597192 0.00013968525359244917 0.0079873745749157576 -0.0018856838531687784 0.0061054935783793783 
8 0.05529193465318813 0.018949150921340613 0.011991797301752403 0.18366591419065545 -0.081321856695617867 0.97961910331928914 0.97791564167604861 -0.086000924855568428 -0.19048579655530462 0.099738807541662644 0.99297059198526327 0.063730477187942974 -1.4188894481961573e-15 -6.5977453597456544e-06 -0.00022932788131367043 -0.0021541807919477018 0.015002540647123077 -0.0050193709594377458 
9 0.055291934642701018 0.018967409246609297 0.031558802249927895 0.17609624692550338 0.096625155284821046 0.97961915619537387 0.97911028691040591 0.08557414800649582 -0.18444541539215614 -0.10165214156610186 0.99163533849855645 -0.079537397215892203 -6.8282934614423112e-16 -2.5876883518015253e-05 0.00022795850691854737 0.00097207293863964175 -0.01430423295820925 -0.0061683373597847127 
10 0.056881016890643205 0.01937219007620548 0.031333212832667642 -0.9570071167034796 -0.2343241867501358 0.17096652913006055 0.12742679801818074 0.18985979440833714 0.97350689243274369 -0.26057588093629491 0.95343874159335029 -0.15183799360885414 5.723708251467593e-06 -3.5459589539681918e-05 0.00025108258606970456 0.003353615483412634 -0.00074340248144628854 -0.0082834217818324 
11 0.056887473976002037 0.019344907070496891 0.012185733999059633 -0.95478226518411624 0.23649715325247439 0.18016637475778713 0.13874878769407065 -0.18150925431387974 0.97355182939165852 0.26294410052958683 0.95452788702158664 0.14048812367880628 4.8959900714827583e-06 -1.418857438298011e-05 -0.00025411755513872605 -0.0046888143646778577 0.0013063268865048136 -0.0069957992212110621 
12 0.052123930319105644 0.011807544060036283 0.042872938263611611 -0.81394908766549379 0.068841949930444929 0.57684284568527366 0.56212465138653955 0.34396950309698743 0.75213087773523357 -0.14663819076922524 0.93645382527329424 -0.31867142033596713 0.00029877862443716715 0.00059261009395760952 -0.0002308004598060229 -0.0037482255966063138 0.032832542362428309 0.0060565445442962631 
13 0.052286661105305311 0.012280429259404257 0.001039959703864823 -0.82581951179678192 -0.0031903693439441316 0.56392548752399352 0.52536320135581549 -0.36782348406540694 0.7672674834965667 0.20497717091640585 0.92989015809042441 0.30543191269032771 8.7959816170416939e-05 0.00032395101170752297 8.435078833540488e-05 -0.0038448083436421329 -0.017984336874636294 -0.00030301813404165663 
14 0.042405405009689159 0.023407241084208302 0.042135372178280388 -0.72426641023150817 -0.45216566436453298 0.52056159960195425 0.65195104241537849 -0.20327128848151654 0.73050709892003474 -0.22449500062109659 0.86846243168535775 0.44201244263854073 3.1117385560656895e-05 4.8221720394486833e-05 0.00025385338981269038 0.013014461231333777 0.012813717429311301 -8.0333131292889678e-05 
15 0.042353743134580228 0.023393594154912618 0.0014673119146067335 -0.72561645805756547 0.4504785866611678 0.52014401732188553 0.65277281936514719 0.21155936374307366 0.72741341884151589 0.2176428314787098 0.86735902518644625 -0.44757113326659859 1.9218029043375206e-05 3.7229797095003302e-05 -0.00025411529392334504 -0.012274176435958078 -0.009301686006823167 -0.00046878011155595037 
16 0.040954621400121988 0.023873807903538227 0.041489230677687498 0.64095675151412557 -0.25418557263345004 0.72426800105586919 0.7565981741973361 0.050199338599413779 -0.65195032725311119 0.12935859263967309 0.96585181113315011 0.2244919451586106 2.2875390553892355e-05 5.6747449055996805e-05 0.00027851543622778947 -0.0042334580336280403 0.028339443501890285 -0.0054264465344320643 
17 0.040901226267274722 0.023863559363750134 0.002107066682971153 0.64996480620663155 0.22588709152971267 0.72561751120891727 0.75404881175277105 -0.072787747373753708 -0.65277280375831281 -0.094636885974814622 0.97143037100581831 -0.21763936707426837 1.3487541627139143e-05 4.5763171129297496e-05 -0.00027339458564931641 -0.003749458726607514 -0.016970594226702336 -0.0030256604655980895 
18 0.052097454562036835 0.051044662796774221 0.14809533763433036 -0.73182973033550613 0.67877289459658918 0.060766794863873985 -0.43786218454704495 -0.5366618680506996 0.7212979597392627 0.52220872564593357 0.50125980982051732 0.68995409261627605 0.0038048977889791977 9.8480478248437345e-05 -4.1612005243376921e-05 0.005498824423226913 0.11845730876389793 0.22488734776820968 
19 0.051215276702445592 0.046944999846219096 -0.10505593297036023 -0.72855992307339912 0.68328266863218734 -0.048220672311358806 -0.48212989739546891 -0.56153613352464504 -0.6724789459779591 -0.48657085869245975 -0.46669258135636638 0.73854372516338795 0.002481331554672569 -0.00057671721235244924 -0.0002351581690670306 -0.007782996224760105 -0.05985454988424542 0.11214920530520278 
1 0.015036506082326075 0.020006856008321663 0.021903827363685954 1 0 0 0 1 0 0 0 1 0 0 0 0 0 0 
2 0.020036506082321544 0.02200685600831984 0.031903827363684231 6.123233995736766e-17 0 1 0.99987793216138365 0.015624364840706695 -6.1224865457975638e-17 -0.015624364840706695 0.99987793216138365 9.5671641954409488e-19 1.5509909602971255e-16 -1.4477236412718114e-13 -1.3412914103504668e-13 -0.12499999959942691 -4.047109869453891e-15 7.8734761765897332e-16 
3 0.020036506082321531 0.022006856008319697 0.011903827363687522 6.123233995736766e-17 0 1 0.99987793216602983 -0.015624364543373855 -6.1224865458260145e-17 0.015624364543373855 0.99987793216602983 -9.5671640133770942e-19 1.3977533370853381e-18 -1.5552659766331686e-13 1.2146582567887365e-13 0.12499999959942902 1.0346758172463666e-14 -1.3425675501888001e-15 
4 0.028842220349073397 0.023965362457733879 0.033686816327672849 0.19405168078386739 0.051867652686304971 0.97961915650408193 0.97261588274977062 -0.14038383265930671 -0.18523154199749103 0.12791516644964568 0.98873764272060394 -0.077689021486068655 5.3938940020224015e-13 0.00022287362021165127 -0.00024481330183591615 -0.033681805747550218 -0.017266924627244232 -0.0072420194756700751 
5 0.030448389936526103 0.024239569902079389 0.033978366725552739 -0.97446867040141361 -0.11066632957854379 0.19535550645864641 0.22316696870839808 -0.57290911609484751 0.78865179184030598 0.024643751410975981 0.81211335920118533 0.5829790539319234 -3.0484166129142942e-06 0.00022106166445124044 -0.00022631558354159711 -0.02483357616306443 0.018453403741041544 0.019162795127962842 
6 0.028842220351632392 0.02410849006715075 0.010292010289738619 0.19656873045277096 -0.04131759024911863 0.97961910503225269 0.97544385471347639 0.1094755380901721 -0.19111356011958316 -0.099347976878747385 0.99313038584864233 0.061822457038091312 -2.6789906660681115e-14 0.00020147713171442727 0.00026270425390748808 0.017937332756350118 0.020886819795498481 -0.0067565814696228573 
7 0.030445833410594505 0.024380135285487711 0.0099843982524329966 -0.97860622998176805 0.074716814272714815 0.19169570758315754 0.19969490644687946 0.56917949984313143 0.79759428364143559 -0.049515563008440622 0.81881139136144132 -0.57192317176059382 -4.5896461369351139e-06 0.00019615992881968 0.0002340824691608839 0.012422125472680979 -0.0020604744328507783 0.009698011531482394 
8 0.05529193465318856 0.018948424120597381 0.011961216362098039 0.18451055539914885 -0.079386820731540728 0.97961910334600755 0.97782370496414828 -0.085652826965822659 -0.19111356634982563 0.099079043982488957 0.99315725135896837 0.061822464498068677 -2.2552644702359385e-14 -7.1736251443349261e-06 -0.00038230398107159003 -0.0038372803613950439 0.02513482175357816 -0.0081307481583567306 
9 0.055291934642701247 0.0189641110240483 0.031589213462024111 0.17708700965432309 0.094797151063247154 0.97961915618365769 0.97898083340332409 0.085356893332298345 -0.18523155397931385 -0.10117667142490167 0.99183047992635842 -0.077688996958558784 -1.8092451941731769e-14 -3.932673761062912e-05 0.0003803431181267728 0.0018881665296285619 -0.023992683231007166 -0.010062905545032752 
10 0.056881774443890795 0.019367629873631484 0.031366722022926542 -0.95683982937352974 -0.23421520830615489 0.17204876379253353 0.12859488723135282 0.18967854046998672 0.97338862036862295 -0.26061637688831102 0.95350159280584312 -0.15137310399912446 9.398737837489786e-06 -5.4905044295386739e-05 0.0004192495514016366 0.0058900008684227567 -0.0013517758231521189 -0.013583826404331353 
11 0.056888120422752118 0.019343184335647128 0.012151834998213271 -0.95460689905462359 0.23649973788838913 0.1810898734221183 0.13979727560393954 -0.1811202463271793 0.97347428219963672 0.26302545506287367 0.95460113678389524 0.1398366176645556 8.0008606323031483e-06 -1.9420352275326525e-05 -0.00042393863099060781 -0.0080900344942340715 0.0022735383995194122 -0.011414701793607531 
12 0.052159434278725408 0.011880940916209004 0.04284494157554055 -0.81491142698643715 0.072428190841279286 0.57504219265927603 0.56153704547272565 0.34433396076432232 0.75240299708740943 -0.14351136794237163 0.93604929391342073 -0.32127279162029243 0.00039739588762459648 0.0008572947311165334 -0.00032004938645477333 -0.002520105306013157 0.047649040172011617 0.006696381838855358 
13 0.052297741744762316 0.01232277036436904 0.0010507483474764094 -0.82626724790541928 -0.0053927648152364421 0.56325247724839356 0.52552139743853388 -0.36731959461995689 0.76740053182316803 0.2027552610243567 0.93007915442497591 0.30633816385012641 0.00013075037307520623 0.00051905490782226541 0.00012932966924130988 -0.0071190664427068576 -0.028684249274320155 -0.00092991788844477732 
14 0.042409468466579593 0.02341357707683777 0.042169235314819947 -0.72461232093092165 -0.45074049726916393 0.52131563229645239 0.65235765573091498 -0.2047409531105486 0.72973326025928764 -0.22218567317531551 0.86885795515776398 0.44240183136454225 4.9755605111834447e-05 7.8057435286858643e-05 0.0004235168705233572 0.021110811040560215 0.019954185497393664 -0.00066705929202579982 
15 0.042356221383131734 0.023398466049541228 0.0014334222527439882 -0.72584231248118736 0.44943036177820722 0.52073533327773336 0.65317146080137845 0.21295429276583777 0.72664813492308311 0.21568490954759825 0.86756142094062227 -0.44812632224511512 2.9921968507846574e-05 5.974461319260161e-05 -0.00042370716894546683 -0.020523859392610633 -0.015076957415301268 -0.00071459117846359751 
16 0.04095763818786146 0.023881295487374218 0.041526285202458824 0.64192852938267408 -0.25072385825984017 0.72461390413370963 0.75621036140025677 0.050757429282510758 -0.65235693656427385 0.12678190910177375 0.96672707124189428 0.22218262140090769 3.7238016932087729e-05 9.2599065111763948e-05 0.00046236086347107056 -0.0032030255366336281 0.04184349718324288 -0.0081222150904462394 
17 0.040902951826695587 0.023869564904812533 0.0020706287936799309 0.65046879671963675 0.22370016268969417 0.72584335893270535 0.75374460918896857 -0.072361129456822382 -0.65317144078894163 -0.093591712307643904 0.97196816005275466 -0.21568144850910534 2.0651477502617859e-05 7.3861044697106005e-05 -0.0004552868186938794 -0.006976627494997307 -0.027267809998173756 -0.0047401034509628702 
18 0.052573101464153039 0.051045041454426704 0.14809421912934428 -0.71175706799841298 0.7005766238308665 0.050933979778210944 -0.45822890170375319 -0.51805162415325967 0.72225257933464093 0.53237970453208927 0.49072895660834442 0.68975136197648124 0.0056051069608938752 -0.00013278953625670367 3.3463883690383199e-05 0.011888854603320689 0.17014066988534932 0.31935519319023226 
19 0.051539757867984669 0.046866022687142683 -0.10508754102523074 -0.71761373574337228 0.69504001703874596 -0.044157683218451885 -0.49322413132752008 -0.55196007379331369 -0.67236153460343995 -0.4916914505547707 -0.46071623767006442 0.73890463917780758 0.0039791696904109674 -0.0010124397254294363 -0.00039817487424825701 -0.013833913706487438 -0.095457959141352189 0.17868966943369582 
1 0.015036506082326075 0.020006856008321663 0.021903827363685954 1 0 0 0 1 0 0 0 1 0 0 0 0 0 0 
